20.5867
20.5867
15.3778
15.3778
20.5867
20.5867
20.5867
20.5867
20.5867
20.5867
20.5867
20.5867
0
5.36889
20.5867
20.5867
18.6844
18.6133
18.4
18.4711
19.8222
19.8578
24
24
24
0
0
24
24
24
24
24
24
24
24
24
24
24.8178
24.7467
24.4978
24.5867
19.6978
19.7333
20.5156
4.33778
16.4444
16.5689
15.4489
15.3422
15.0578
15.1822
4.51556
4.64
15.5378
15.4667
15.7689
18.3467
15.8222
15.8933
42.0978
18.5067
18.7556
18.5067
18.7378
18.9689
19.2
19.9111
20.1422
32.4978
20.5867
20.5867
15.3778
15.3778
20.5867
20.5867
20.5867
20.5867
20.5867
20.5867
20.5867
20.5867
0
5.36889
20.5867
20.5867
20.5867
18.4711
18.3111
19.68
19.7156
19.7511
24
24
28.5867
24
21.4756
24
18.7911
24
24
24
24
24
24
24
24
24
24.6044
24.3911
19.5556
19.5911
19.6267
4.42667
4.21333
16.32
16.4444
24.8533
15.2
14.9333
18.9333
4.39111
4.51556
15.4311
15.36
15.7689
18.3467
15.8222
15.8933
42.0978
18.3822
18.6311
18.3822
18.6133
18.8444
19.0756
19.7867
12.8711
32.6222
20.5867
20.5867
15.3778
15.3778
20.5867
20.5867
20.5867
20.5867
20.5867
20.5867
20.5867
20.5867
0
5.36889
20.5867
20.5867
20.5867
20.5867
18.4889
19.5733
19.6089
19.6444
22.9156
24
24
24
24
21.1556
27.2356
24
24
24
24
24
24
24
24
24
24
24.5867
19.4489
19.4844
19.4844
4.30222
4.08889
16.1956
16.32
24.8178
24.7111
15.1467
18.8267
18.8622
18.8978
15.3422
15.2711
15.7689
18.3289
15.8222
15.8756
42.08
18.2578
18.5067
18.2578
18.4889
18.72
18.9511
0.942222
12.9956
32.7467
20.5867
20.5867
15.3778
15.3778
20.5867
20.5867
20.5867
20.5867
20.5867
20.5867
20.5867
20.5867
0
5.15556
20.5867
20.5867
20.5867
18.56
18.5244
18.56
19.6089
19.6444
22.9156
18.9689
24
24
6.98667
6.98667
6.98667
24
24
24
24
24
24
24
24
24
24.2667
22.3289
24.6756
19.4667
19.4844
4.17778
3.96444
16.0711
16.1956
19.4844
15.2533
15.1822
15.2356
18.8622
4.35556
15.2533
15.1822
15.7689
18.2933
15.8044
15.8578
42.0444
18.1333
18.3822
18.1333
18.3644
18.5956
18.7911
1.06667
37.6711
32.8711
20.5867
20.5867
15.3778
15.3778
20.5867
20.5867
20.5867
20.5867
20.5867
20.5867
20.5867
20.5867
0
5.15556
20.5867
20.5867
18.6311
18.56
18.5244
18.5422
18.5778
22.9156
22.9156
22.9156
22.9156
26.1333
26.5244
26.5244
26.5244
24
24
24
24
24
24
24
24
24.3378
24.2667
24.2133
24.2667
40.4444
19.4667
4.05333
3.84
15.9467
19.4667
15.3244
15.2533
15.2
15.2533
15.3244
4.48
15.1822
15.1111
15.7689
18.2578
15.7867
15.8222
5.26222
18.0089
18.2578
18.0089
18.24
18.4711
18.7022
19.4133
19.6444
12.5333
15.3778
15.3778
0
5.15556
24.2311
24.2667
40.4444
40.5511
22.4356
3.71556
19.4489
15.4311
15.3244
15.2533
15.2178
15.2533
15.3244
15.4311
51.0044
14.9511
15.7689
18.2222
15.7511
5.01333
5.13778
17.8844
18.1333
17.8844
18.1156
18.3467
18.5778
19.2889
19.52
12.4089
15.3778
15.3778
15.3778
15.3778
15.3778
35.1467
35.1467
35.1467
35.1467
35.1467
35.1467
35.1467
0
5.15556
27.2889
5.15556
0
0
0
0
0
15.0044
46.5778
17.0667
16.9422
16.9422
17.0667
16.9422
12.2489
0
0
22.9156
22.8444
22.7556
22.88
23.0044
23.1289
0
0
0
3.76889
3.68
3.57333
3.46667
4.49778
22.3644
22.3644
22.3644
24.5511
24.4622
22.6667
22.7733
22.8089
50.9511
50.8622
15.7689
18.2222
19.6444
19.7689
19.7511
17.76
18.0089
17.76
17.9911
18.2222
18.4533
19.1644
19.3956
12.2844
15.3778
15.3778
15.3778
15.3778
15.3778
35.1467
35.1467
35.1467
35.1467
35.1467
35.1467
21.1556
0
5.15556
27.2889
5.15556
0
22.5956
22.5956
0
0
0
12.2489
11.8756
10.6311
32.2133
11.8756
12.2489
12.2489
0
0
22.9156
22.8444
22.7556
22.88
23.0044
23.1289
0
0
0
3.64444
3.55556
3.44889
20.6756
4.49778
16.6044
0
0
24.4444
24.3556
22.6667
22.7733
22.8089
50.8978
50.8267
21.92
18.3467
4.48
4.60444
4.72889
17.6533
17.8844
17.6356
17.8667
18.0978
18.3289
19.04
19.2711
12.16
15.3778
15.3778
15.3778
15.3778
15.3778
15.3778
35.1467
35.1467
35.0578
35.1467
19.7511
19.7511
0
5.15556
27.2889
5.15556
0
17.9911
22.5956
22.5956
0
33.6356
46.5778
46.5778
46.5778
0
46.5778
46.5778
46.5778
10.8089
0
22.9156
22.8444
22.7556
22.88
23.0044
23.1289
0
0
0
3.52
3.43111
40.8
20.6756
4.49778
16.6044
15.4844
21.9556
24.3378
24.2489
22.6667
22.7733
22.8089
50.8622
50.7911
15.7689
18.3467
15.7867
19.6089
19.7333
19.6622
19.6978
19.7333
19.7689
19.8044
19.84
19.8756
19.9111
12.0356
15.3778
15.3778
15.3778
15.3778
15.3778
15.3778
15.3778
35.1467
34.9689
51.9467
51.9467
51.9467
0
5.15556
27.2889
5.15556
0
17.8667
18.8267
22.5956
22.5956
0
46.5778
0
46.5778
0
0
46.5778
46.5778
10.6844
17.1022
22.9156
22.8444
22.7556
22.88
23.0044
23.1289
0
0
0
3.39556
40.6756
40.8533
20.6756
4.49778
16.6044
15.4844
15.3778
24.3378
24.2489
22.6667
22.7733
22.8089
50.8444
15.5378
15.7689
18.3467
15.8044
15.8578
4.97778
19.6622
19.6978
19.7333
19.7689
19.8044
19.84
19.8756
19.9111
11.9111
15.3778
15.3778
15.3778
15.3778
15.3778
15.3778
15.3778
15.3778
35.1467
51.9467
51.9467
51.9467
0
5.15556
27.2889
5.15556
0
17.7422
18.6844
0
22.5956
3.44889
0
0
0
0
0
0
46.5778
10.56
19.3422
22.9156
22.8444
22.7556
22.88
23.0044
23.1289
0
0
0
3.27111
3.18222
3.07556
2.96889
3.09333
3.21778
3.34222
24.4444
24.3378
24.2489
22.6667
22.7733
22.8089
15.2533
15.7689
15.7689
18.3467
15.8044
15.8578
42.0444
19.6622
19.6978
19.7333
19.7689
19.8044
19.84
19.8756
19.9111
11.7867
15.3778
15.3778
15.3778
15.3778
15.3778
15.3778
15.3778
12.7289
35.1467
12.6933
51.9822
51.9822
0
5.15556
27.2889
5.15556
0
17.6178
22.8444
0
0
33.6356
0
33.6356
0
0
0
0
3.44889
10.4356
10.8622
22.9156
22.8444
22.7556
22.88
23.0044
23.1289
0
0
0
3.16444
3.07556
2.96889
2.84444
2.96889
3.09333
3.21778
24.4444
24.3378
24.2489
22.6667
22.7733
22.8089
50.8444
50.7733
21.92
15.36
21.92
19.5911
19.6267
19.6622
19.6978
19.7333
19.7689
19.8044
19.84
19.8756
19.9111
11.6622
15.3778
15.3778
15.3778
15.3778
15.3778
15.3778
36.9422
12.8533
35.1467
12.8178
36.8533
19.8578
0
5.15556
27.2889
5.15556
0
18.1156
6.48889
0
35.7511
18.5956
18.7022
0
0
0
0
0
0
10.3111
16.16
22.9156
22.8444
22.7556
22.88
23.0044
23.1289
0
0
0
3.05778
2.96889
2.86222
2.72
2.84444
2.96889
3.09333
24.4444
24.3378
24.2489
22.6667
13.4578
12.0178
29.2267
29.1556
20.0889
15.4844
21.92
19.5911
19.6267
19.6622
19.6978
19.7333
19.7689
19.8044
19.84
19.8756
19.9111
15.3778
15.3778
15.3778
15.3778
15.3778
37.1911
37.0667
12.9778
3.02222
12.96
37.0133
37.0844
0
5.15556
27.2889
5.15556
0
17.9911
6.48889
0
0
18.4711
18.5778
0
0
0
10.9867
0
23.3422
10.1867
16.16
22.9156
22.8444
22.7378
22.8622
22.9867
23.1111
0
0
0
2.96889
2.88
2.77333
2.59556
2.72
2.84444
2.96889
24.4444
24.3378
24.2489
21.0489
32.9422
18.5956
21.3333
18.7378
18.9511
18.8444
18.88
19.5733
19.6089
19.6444
19.68
19.7156
19.7511
19.7867
19.8222
19.8578
19.8933
15.3778
15.3778
15.3778
15.3778
15.3778
15.3778
15.3778
15.3778
15.3778
15.3778
15.3778
29.3511
0
5.15556
27.2889
5.15556
0
17.9911
18.4889
35.7511
0
18.4711
18.5778
18.6844
0
0
19.4489
0
0
10.0622
10.4889
22.8978
22.8267
22.7022
22.8267
22.9511
23.0756
0
0
0
2.88
2.79111
2.68444
2.47111
2.59556
2.72
2.84444
24.4444
24.3378
24.2489
13.0844
0
15.3778
15.3778
15.3778
15.3778
15.3778
15.3778
15.3778
15.3778
15.3778
15.3778
15.3778
29.3511
0
5.15556
27.2889
5.15556
0
18.1156
23.68
23.7867
23.7867
18.56
18.6489
0
0
0
5.77778
10.72
10.8978
9.93778
16.4622
22.88
22.8089
22.6489
22.7733
22.8978
31.9822
0
0
0
2.80889
2.72
2.61333
2.34667
2.47111
2.59556
16.4622
24.4444
24.3378
24.2311
12.96
0
0
0
0
0
0
0
33.3511
33.3511
16.8178
20.7111
0
20.7822
0
0
0
0
15.3778
15.3778
15.3778
15.3778
15.3778
15.3778
15.3778
15.3778
15.3778
15.3778
15.3778
29.3511
0
5.15556
27.2889
5.15556
0
23.9289
41.3333
23.8933
23.8756
18.6311
18.7022
33.44
0
0
0
10.72
9.72444
9.81333
22.7733
22.88
22.8089
22.6133
22.7378
31.8756
31.9467
0
0
0
0
2.56
2.47111
2.22222
2.34667
16.2133
16.3378
24.4444
24.3378
24.1956
17.2622
0
0
0
0
0
0
0
33.2267
33.2267
16.6933
20.6222
0
20.6756
0
0
0
0
15.3778
15.3778
15.3778
15.3778
15.3778
15.3778
15.3778
15.3778
15.3778
15.3778
15.3778
29.3511
0
5.15556
27.2889
5.15556
0
24.1067
11.68
11.5556
18.6844
18.6311
18.7022
22.8978
10.0622
9.93778
9.81333
9.56444
9.63556
9.70667
21.6178
22.9156
22.8444
22.5956
22.72
31.8578
14.24
0
0
0
0
0
2.32889
2.09778
15.9644
16.0889
16.2133
24.4444
24.3378
24.16
24.2133
29.1911
18.1689
18.2578
0
0
0
0
33.1022
33.2267
16.5689
20.5689
20.6044
0
0
0
0
15.3778
15.3778
15.3778
15.3778
15.3778
15.3778
15.3778
15.3778
15.3778
15.3778
15.3778
29.3511
0
5.15556
27.2889
5.15556
0
24.2311
11.5556
11.4311
11.2533
11.0756
10.8978
22.9156
31.9467
9.81333
9.68889
9.47556
9.52889
31.1644
31.2178
22.88
22.8267
22.5956
22.72
13.9911
14.0978
0
0
0
0
0
0
20.6756
15.68
15.8044
15.9289
24.4622
24.3556
24.16
24.2311
17.9733
18.0622
18.1333
16.4444
21.8489
21.76
28.5156
32.9778
33.1022
16.4444
20.5689
0
20.6044
0
0
0
15.3778
15.3778
15.3778
15.3778
15.3778
15.3778
15.3778
15.3778
15.3778
15.3778
15.3778
29.3511
22.2044
5.15556
27.2889
5.15556
0
29.3511
40.3378
29.3511
29.3511
29.3511
29.3511
29.3511
29.3511
3.92889
9.56444
9.38667
31.0044
31.0578
31.1111
3.66222
22.6844
22.4711
13.7422
13.8489
13.9556
0
0
0
0
0
20.7111
20.6756
20.7111
15.9289
16.0533
15.5733
24.3556
24.1778
17.8311
17.9022
17.9733
18.0444
16.3733
33.0844
32.9956
29.3689
32.8533
32.9778
17.2622
20.4444
53.12
20.5333
25.3511
0
0
0
15.3778
15.3778
15.3778
15.3778
15.3778
15.3778
15.3778
15.3778
15.3778
15.3778
15.3778
16.9778
22.2044
5.74222
27.2889
5.15556
0
0
0
29.3511
29.3511
29.3511
29.3511
29.3511
29.3511
3.85778
3.73333
9.68889
30.9156
30.9689
31.0222
2.98667
3.28889
22.7556
13.5644
13.6533
13.76
0
0
0
0
20.7822
20.7111
20.6756
20.7111
20.7822
16.1422
15.4489
15.4133
15.2178
17.9022
17.8489
17.9022
17.9556
19.8222
32.9244
32.8533
29.2444
32.7289
17.0311
17.12
20.4444
53.12
20.4978
52.3911
0
0
0
15.3778
15.3778
15.3778
15.3778
15.3778
15.3778
15.3778
15.3778
15.3778
15.3778
15.3778
15.3778
19.4133
19.3244
27.2889
5.15556
5.15556
5.15556
5.15556
29.3511
29.3511
29.3511
29.3511
29.3511
29.3511
29.3511
9.72444
9.68889
9.70667
30.9867
2.75556
3.09333
22.7911
22.7556
21.2267
13.7244
13.8311
0
0
0
20.8533
20.7644
20.7111
20.6756
20.7111
20.7822
20.8889
15.4133
15.2533
17.9556
17.9378
17.9911
17.92
17.9733
19.6622
19.7333
32.8356
29.1378
16.8356
16.9244
17.0133
20.3378
53.12
20.3911
52.3911
51.7689
0
0
0
15.3778
15.3778
15.3778
15.3778
15.3778
15.3778
15.3778
15.3778
15.3778
15.3778
15.3778
15.3778
15.3778
19.3067
27.2889
27.6622
27.5378
27.2889
27.2889
29.3511
29.3511
29.3511
29.3511
29.3511
29.3511
9.79556
9.72444
9.68889
9.68889
9.74222
2.93333
23.2356
22.7911
22.7556
21.2267
42.3111
13.8667
0
0
0
0
0
0
0
24.5511
24.9956
17.1556
25.1911
17.9556
17.9556
17.9556
17.9911
18.0444
17.9556
19.52
19.5911
19.6978
17.1022
16.7822
16.8533
16.9244
20.2311
53.12
20.32
52.3911
51.7689
0
0
0
15.3778
15.3778
15.3778
15.3778
15.3778
15.3778
15.3778
15.3778
15.3778
15.3778
15.3778
15.3778
15.3778
15.3778
5.15556
34.2044
40.3378
40.3378
40.3378
29.3511
29.3511
29.3511
29.3511
29.3511
16.4978
9.79556
9.72444
9.68889
9.72444
9.79556
13.2089
23.3244
22.7733
22.7556
21.2267
42.2933
9.24444
0
0
0
0
0
0
0
24.6756
25.1022
25.44
17.9556
17.9556
17.9556
17.9556
17.9733
18.0089
18.0622
19.5022
19.5911
17.2267
17.1733
17.2444
16.8889
16.96
20.1067
53.12
20.1956
52.3911
51.7689
0
0
0
15.3778
15.3778
15.3778
15.3778
15.3778
15.3778
15.3778
15.3778
15.3778
15.3778
15.3778
15.3778
15.3778
0
34.24
34.2044
34.24
40.3378
40.3378
29.3511
29.3511
29.3511
29.3511
29.3511
29.3511
29.3511
29.3511
9.76
9.84889
9.83111
9.88444
3.02222
3.07556
37.1556
37.1556
9.67111
9.79556
0
0
0
0
0
0
0
20.9067
21.12
25.9911
26.4889
26.5422
26.5778
26.7911
19.2533
19.3422
19.4311
19.52
17.2267
17.2267
17.2089
17.2622
17.3333
16.96
20.0178
53.12
20.1422
52.3911
0
0
0
0
15.3778
15.3778
15.3778
15.3778
15.3778
15.3778
15.3778
15.3778
15.3778
15.3778
15.3778
15.3778
19.3244
19.4489
34.24
34.2044
34.24
34.3111
14.6667
29.3511
29.3511
29.3511
29.3511
29.3511
29.3511
29.3511
9.79556
9.84889
9.84889
9.84889
9.88444
9.93778
3.05778
37.1556
37.1556
3.16444
9.92
0
0
0
0
0
0
0
0
0
0
0
26.6667
26.7022
26.8978
19.1467
19.2356
19.3422
17.2267
17.2267
17.2267
17.2267
17.2622
17.3156
17.3867
19.9111
53.12
20
52.3911
0
0
0
0
15.3778
15.3778
15.3778
15.3778
15.3778
15.3778
15.3778
15.3778
15.3778
15.3778
15.3778
19.3422
19.4667
19.4133
34.24
34.2044
34.24
34.3111
56.4089
29.3511
29.3511
29.3511
29.3511
29.3511
29.3511
9.86667
9.88444
9.84889
9.84889
9.84889
9.86667
9.90222
9.93778
37.1556
37.1556
37.1556
37.0311
37.0311
0
0
0
0
0
0
0
0
0
0
18.8089
18.8978
18.9867
19.0756
19.1644
19.2711
19.3422
19.3956
19.4667
19.5378
19.6089
19.6978
19.7689
19.8578
53.12
19.9467
0
0
0
0
0
44.3733
35.5022
36.4089
36.4089
36.4089
36.4089
36.4444
36.4978
36.5689
23.3244
34.4356
34.5422
34.6311
34.7022
34.7733
34.8444
44.2489
44.1956
44.16
44.1422
44.1422
44.1422
33.3511
13.6889
13.8667
14.0267
14.1689
33.3867
33.4222
33.4578
15.7333
25.6533
35.1111
35.3067
35.52
28.8711
24.6222
19.7689
19.0044
19.2356
19.1289
0
0
0
0
0
0
0
32.4089
0
33.9556
33.7422
35.4133
30.8089
30.7022
30.7022
30.6844
27.2533
27.2533
27.2533
27.2533
49.3689
0
0
0
0
0
0
35.5022
36.4089
36.4089
36.4089
36.4089
36.4444
36.4978
33.8667
23.2
34.4356
34.5422
34.6311
34.7022
34.7733
34.8444
34.9156
44.2311
44.1778
44.1422
44.1422
33.3511
33.3511
13.6178
13.7778
13.9378
14.08
33.3867
33.4222
33.4578
28.64
25.6533
35.1111
35.3067
35.52
28.8711
0
32.4444
32.4622
32.48
32.4978
32.5156
0
0
0
0
0
0
0
33.2267
33.2089
33.1911
35.4133
30.8089
30.7022
30.7022
30.6844
27.2533
27.2533
27.2533
27.2533
0
0
0
0
0
0
0
35.5022
35.7689
36.4089
36.4089
36.3911
36.4444
33.8667
33.8667
23.0756
34.4178
34.5422
34.6311
34.7022
34.7733
34.8444
34.9156
34.9867
44.1956
44.1422
33.3511
33.3511
33.3511
13.5467
13.6889
13.8311
13.9733
33.3867
33.4222
33.4578
25.8667
26.1511
35.1111
35.3067
35.52
29.2622
28.6756
25.6356
25.44
19.1467
25.7956
0
0
0
0
0
0
0
0
34.2578
30.1511
33.28
35.4667
30.7556
30.6489
30.6489
30.6311
27.2533
27.2533
27.2533
22.4
0
0
0
0
0
12.8178
0
35.5022
35.7511
36
36.4089
36.3556
33.8667
33.8667
33.8667
22.9511
34.3822
34.5067
34.6311
34.7022
34.7733
34.8444
34.9156
34.9867
35.0756
44.1422
33.3511
33.3511
33.3511
13.4756
13.6
13.7244
13.8489
13.9733
25.6178
33.4578
18.1156
13.4578
35.1111
35.3067
35.52
29.2622
26.5422
0
0
0
0
0
0
0
0
0
0
0
0
33.6889
0
33.5467
34.0622
34.2044
30.7378
30.7378
30.72
27.2533
27.2533
22.2933
22.3644
0
0
0
0
0
0
0
35.5022
35.7333
35.9644
36.1956
23.3778
33.8667
33.8667
33.8667
22.8267
34.3289
34.4533
34.5778
34.7022
34.7733
34.8444
34.9156
34.9867
44.1422
44.1422
44.1422
33.3867
33.3867
13.4756
13.6
13.7244
13.8489
13.9733
34.8978
25.6533
18.1156
13.4578
35.1111
35.3067
35.52
29.2622
0
21.2267
32.7289
0
0
0
0
0
0
0
0
0
0
34.4533
33.7422
33.5467
34.0622
33.8311
30.7378
30.7378
30.72
27.2533
51.5022
45.6
30.3467
25.5822
0
0
0
0
0
0
35.5022
35.7156
35.9289
23.68
23.4311
23.6444
33.8667
33.8844
22.7022
34.2933
34.4178
34.5422
34.6489
34.7556
34.8267
34.8978
44.1422
44.1422
44.1422
44.1422
44.1422
33.4578
13.4578
13.5822
13.7067
13.8311
13.9556
34.88
26.6311
26.5067
13.4578
35.0933
35.2889
35.5022
29.2622
0
0
0
0
0
0
0
0
0
0
0
0
0
34.1511
0
33.5467
34.0622
33.8311
30.7378
30.7378
30.72
51.5022
51.5022
15.04
30.3467
0
25.5822
0
0
0
0
0
0
35.5022
35.6978
23.9289
23.8044
23.52
23.7689
23.84
33.92
22.5778
34.2756
34.4
34.5067
34.6133
34.7022
34.7911
44.1956
44.16
44.1422
44.1422
44.1422
44.1422
44.1422
13.4222
13.5467
13.6711
13.7956
13.92
34.8444
26.6311
26.5067
13.4578
35.0578
35.2533
35.4667
0
25.7778
0
20.9956
21.1378
0
0
0
36.1422
0
0
0
0
0
0
35.3778
35.2711
33.9378
33.8311
30.7378
30.7378
30.72
51.5022
15.04
15.04
0
0
0
0
0
0
0
0
35.5022
24.1778
24.0533
23.9289
23.6444
23.9111
24
24.0711
22.4533
34.2756
34.3822
34.4889
34.5778
34.6667
34.7378
34.8089
34.88
34.9689
34.3289
34.3467
34.1689
24.1244
13.3689
13.4933
13.6178
13.7422
13.8667
37.0311
26.6311
26.5067
13.1733
35.0044
35.2
35.4133
0
26.8622
20.3911
36.2489
0
0
0
0
0
0
0
0
0
0
35.5911
35.4667
35.5911
34.0622
33.8311
30.7378
30.7378
30.72
0
0
0
0
35.5022
35.68
35.8756
36.0889
36.4089
36.7467
37.1022
22.3644
22.3289
34.1511
34.2756
34.3822
34.4889
34.5778
34.6667
34.7556
34.8444
34.9333
34.3289
34.3467
34.1689
24
13.3333
13.4578
13.5822
13.7067
13.8311
37.0311
26.6311
20.9067
11.2533
34.9689
35.1644
35.3778
0
27.8756
38.56
36.3022
36.32
0
0
0
0
0
0
0
0
0
0
22.4889
35.3956
24.7111
24.6044
24.48
24.6044
24.7289
24.8533
32.3022
32.9067
32.6578
33.4756
33.44
33.9378
34.1867
34.1867
0
0
0
0
35.5022
35.6622
35.84
36.0356
36.3378
36.6578
36.9956
22.24
22.2044
34.0267
34.1511
34.2756
34.3822
34.4889
34.5956
34.7022
34.8089
34.9156
34.3289
34.3467
34.1689
23.8756
13.3156
13.44
13.5644
13.6889
13.8133
37.0311
34.8444
38.08
16.6756
34.9511
35.1467
35.36
0
37.2444
37.5644
36.3556
36.3911
0
0
0
0
0
0
0
0
0
21.9911
34.7378
33.8311
24.6044
24.4978
24.3556
24.48
24.6044
24.7289
32.3022
37.2622
36.9778
37.3867
37.6889
38.2044
38.4533
38.4533
0
0
0
0
35.5022
35.6444
35.8044
35.9822
36.2667
36.5689
36.8889
22.1156
22.08
33.9022
34.0267
34.1511
34.2756
34.4
34.5244
34.6489
34.7733
34.8978
34.3289
34.3467
34.1689
23.7511
13.3156
13.44
13.5644
13.6889
13.8133
37.2444
37.28
7.46667
0
34.9511
35.1467
37.0667
0
0
0
30.0444
30.24
30.4178
33.3511
33.5111
33.6533
23.4311
32.8711
32.7822
32.7289
32.6756
21.1378
21.0133
24.6044
24.5156
24.4089
25.7244
24.3556
24.48
24.6044
0
37.2622
36.9778
37.3867
37.6889
38.2044
38.4533
38.4533
0
0
0
0
35.5022
35.6267
35.7689
35.9289
36.1956
36.48
36.7822
21.9911
21.9556
33.7778
33.9022
34.0267
34.1511
34.2756
34.4
34.5244
34.6489
34.7733
34.3289
34.3467
34.1689
23.6267
13.1911
13.3156
13.44
13.5644
13.6889
37.2622
37.2978
37.1733
36.8356
36.9067
36.9244
36.9244
0
0
0
29.9911
30.1689
30.3289
33.3689
33.5111
33.6533
23.3067
32.8533
32.7644
32.7111
32.6578
28.4622
28.2489
24.5156
24.4267
24.32
25.6
24.2311
24.3556
24.48
0
37.2622
36.9778
37.3867
37.6889
38.2044
38.4533
38.4533
0
0
0
0
35.5022
35.6089
35.7333
35.8756
36.1244
36.3911
36.6756
21.8667
21.8311
34.3289
34.3467
34.1689
23.5022
13.0667
13.1911
13.3156
13.44
13.5644
37.3156
37.3511
37.2267
36.8
36.8711
36.8
37.2444
0
0
0
29.9378
30.0978
30.24
33.4933
33.6356
33.6711
33.8311
32.8356
32.7467
32.6933
32.64
28.3378
28.1422
24.4444
24.3556
24.2489
25.7067
24.1067
24.2311
38.9156
0
37.2622
36.9778
37.3867
37.6889
38.2044
38.4533
38.4533
0
0
0
0
35.5022
35.5911
35.6978
35.8222
36.0533
36.3022
36.5689
21.7422
21.7067
35.4667
35.4667
35.4667
35.4667
35.4667
35.4667
35.4667
34.3289
34.3467
34.1689
23.3778
12.9422
13.0667
13.1911
13.3156
13.44
22.2933
37.2089
37.1022
36.7467
36.8356
37.2444
37.2444
0
0
0
29.8844
30.0267
30.1511
33.4756
33.6178
36.7822
36.8
32.8178
32.7289
32.6756
32.6222
28.2133
28.0356
27.84
24.1956
24.1067
36.7289
51.8933
43.7867
43.7867
28.2133
37.2622
36.9778
37.3867
37.6889
38.2044
38.4533
38.4533
0
0
0
0
35.5022
35.5733
35.6622
35.7689
35.9822
36.2133
36.4622
21.6178
21.5822
0
35.4667
35.4667
35.4667
35.4667
35.4667
35.4667
34.3289
34.3467
34.1689
23.2533
12.8178
12.9422
13.0667
13.1911
13.3156
22.2933
12.3556
36.96
36.7111
37.2444
37.2444
37.2444
0
0
0
29.8489
29.9733
30.08
33.44
33.5822
36.7644
36.9067
32.6933
32.6044
32.5511
5.99111
28.1067
27.9289
27.7511
27.5556
51.8756
36.7111
34.8444
43.7511
43.7689
28.2133
37.2622
36.9778
37.3867
37.6889
38.2044
38.4533
38.4533
0
0
0
0
35.5022
35.5556
35.6267
35.7156
35.9111
36.1244
36.3556
21.4933
21.4578
0
32.6933
35.4667
35.4667
35.4667
35.4667
35.4667
32.6933
34.3289
34.3467
34.1689
23.1289
12.6933
12.8178
12.9422
13.0667
13.1911
22.2933
23.2889
28.16
36.9244
37.2444
37.2444
37.2444
0
0
0
29.8133
29.92
33.4044
33.3867
33.5289
55.5378
55.68
6.04444
32.48
5.88444
5.95556
28
27.8222
27.6622
27.4844
27.4133
33.7778
34.8444
43.4489
43.4667
28.2133
37.2622
36.9778
37.3867
37.6889
38.2044
38.4533
38.4533
0
0
0
0
35.5022
35.5556
35.6089
35.6622
35.84
36.0356
36.2489
21.3689
21.3333
32.6933
32.6933
32.6933
32.6933
32.6933
35.4667
35.4667
34.3289
34.3467
34.1689
23.0044
12.5689
12.6933
12.8178
12.9422
13.0667
22.2933
12.48
36.9956
31.8222
36.9067
37.28
37.28
0
0
0
29.7956
29.8844
33.4044
33.3511
33.4933
37.1556
37.28
6.02667
6.08
5.86667
5.92
27.9111
27.7333
27.5733
27.4133
33.7778
33.7778
33.7778
38.88
43.4667
28.2133
37.2622
36.9778
37.3867
37.6889
38.2044
38.4533
38.4533
0
0
0
0
35.5022
35.5556
35.5911
35.6089
35.7689
35.9467
36.1422
21.2444
21.2089
32.6933
32.6933
32.6933
32.6933
32.6933
32.6933
47.8756
34.3289
34.3467
34.1689
22.88
12.4444
12.5689
12.6933
12.8178
12.9422
13.0667
37.0667
31.8756
31.84
36.9067
36.9067
37.3511
0
0
0
29.7778
29.8489
33.4222
33.3333
33.4756
37.2622
37.3689
6.00889
5.83111
5.86667
5.88444
27.8222
27.6444
27.4844
26.5067
33.7778
33.7778
33.7778
33.7778
38.8978
28.2133
37.2622
36.9778
37.3867
37.6889
38.2044
38.4533
38.4533
0
0
0
0
35.5022
35.5556
35.5911
35.5556
35.6978
35.8578
36.0356
21.12
21.0844
32.6933
32.6933
32.6933
32.6933
32.6933
32.6933
32.6933
34.3289
34.3467
34.1689
22.7556
12.32
12.4444
12.5689
12.6933
12.8178
14.8267
31.9467
31.8756
31.84
36.9067
36.9067
36.96
0
0
38.7733
29.7778
29.8311
34.4711
33.3333
33.4756
34.6844
38.9333
5.99111
5.83111
5.86667
5.84889
27.7511
27.5733
12.0711
27.5556
33.7778
33.7778
33.7778
33.7778
33.8133
28.2133
37.2622
36.9778
37.3867
37.6889
38.2044
38.4533
38.4533
0
0
0
0
35.5022
35.5556
35.5911
35.5022
35.6267
35.7689
35.9289
21.0133
20.96
32.6933
32.6933
32.6933
32.6933
32.6933
32.6933
35.2889
34.3289
34.3467
34.1689
22.6311
12.1956
12.32
12.4444
12.5689
12.6933
12.8178
12.9422
13.0667
13.1911
17.3156
17.3156
38.3289
39.4489
14.8089
38.7733
43.6444
29.7244
34.3644
33.2622
33.4044
38.6844
38.72
5.97333
5.83111
5.86667
5.81333
5.97333
27.5022
27.3422
27.2
27.1822
29.4756
29.44
11.9111
12.3733
28.2133
37.2622
36.9778
37.3867
37.6889
38.2044
38.4533
38.4533
0
0
0
0
35.5022
35.5556
35.5911
35.4489
35.5556
35.68
9.95556
20.9067
20.8356
34.3289
34.3467
34.1689
22.5067
12.0711
12.1956
12.32
12.4444
12.5689
12.6933
12.8178
12.9422
13.0667
17.3156
17.3156
38.3289
39.4489
15.3778
38.7733
43.6444
43.6267
34.2578
33.1911
31.36
40.2844
40.32
5.95556
5.83111
5.86667
5.77778
5.92
6.09778
27.2711
27.1289
29.4578
29.44
29.4222
11.9111
12.3733
28.2133
37.2622
36.9778
37.3867
37.6889
38.2044
38.4533
38.4533
0
0
0
0
28.7644
35.5022
35.5378
35.4133
35.5022
9.74222
9.90222
20.8178
20.7111
20.8356
20.96
20.8356
12.2311
12.3556
12.48
34.4711
34.4711
34.4711
34.3289
34.3467
34.1689
22.3822
11.9467
12.0711
12.1956
12.32
12.4444
12.5689
12.6933
12.8178
12.9422
17.3156
17.3156
38.3289
39.4489
15.3778
38.7733
43.6444
43.6267
32.3733
22.6667
41.6
41.6
41.6
5.93778
5.83111
5.86667
5.74222
5.86667
6.02667
42.8622
32.3378
29.4222
40.7644
40.7644
11.9111
12.3733
28.2133
37.2622
36.9778
37.3867
37.6889
38.2044
38.4533
38.4533
0
0
0
0
28.7644
28.9244
35.4844
35.3778
39.5022
39.52
39.5378
20.7289
20.5867
20.7111
20.8356
20.7111
12.2311
12.3556
12.48
34.4889
34.5067
34.5244
34.4533
35.2889
34.2933
22.2578
17.3156
17.3156
36.32
37.1022
37.0311
37.2089
43.6444
43.6267
22.6667
22.6667
22.7022
41.6356
41.6356
6.27556
5.79556
5.83111
5.70667
5.83111
38.7911
32.4978
32.4089
32.6044
40.7644
40.7644
11.9111
12.3733
28.2133
37.2622
36.9778
37.3867
37.6889
38.2044
38.4533
38.4533
0
0
0
0
28.7644
28.9244
29.0667
28.4444
39.4311
39.4311
39.4311
20.6578
20.4622
20.5867
20.7111
39.2
12.2311
40.4444
35.2178
11.2889
35.1289
35.0044
34.5778
34.5956
34.4178
22.1333
0
0
0
0
24.48
24.48
24.48
17.3156
17.3156
36.32
37.1022
37.0311
37.2089
43.6444
36.3911
22.6667
22.6667
22.7022
22.7733
33.6178
6.22222
6.06222
5.79556
5.67111
38.7378
32.6933
32.5689
32.48
32.6756
32.6933
40.7644
11.9111
12.3733
28.2133
37.2622
36.9778
37.3867
37.6889
38.2044
38.4533
38.4533
0
0
0
0
28.7644
28.9244
28.6933
28.4978
28.5867
39.4311
39.4311
20.5156
20.3378
20.4622
39.1822
39.4844
38.2222
38.2222
38.2222
39.3244
34.5778
34.6311
34.7022
20.5689
22.2044
22.0089
0
0
0
0
0
24.48
24.48
17.3156
17.3156
36.32
37.1022
37.0311
0
36.64
36.5156
22.6667
22.6667
22.7022
22.7733
47.8756
6.16889
6.02667
6.00889
0
32.9244
32.7644
32.64
32.5511
32.7467
32.7644
32.7467
11.9111
12.3733
28.2133
37.2622
36.9778
37.3867
37.7956
38.2044
38.4533
38.4533
0
0
0
0
28.7644
28.7467
28.7467
28.5511
28.64
28.7467
39.4311
20.3378
20.2133
39.1289
39.4133
39.3956
38.2222
38.2222
38.2222
30.72
17.9911
17.8667
17.7422
20.4444
22.08
21.8844
0
0
0
0
0
0
24.48
0
17.3156
17.3156
36.32
37.1022
37.0311
0
43.6444
43.6267
33.28
33.0311
32.8533
32.7111
6.29333
6.13333
5.99111
0
0
0
33.76
33.7956
33.44
33.28
0
0
11.9111
12.3733
28.2133
37.2622
37.0489
37.4756
44.4622
38.3289
38.4533
38.5778
0
0
0
0
28.7644
28.8
28.8
28.6044
28.6933
28.8
28.9422
20.1956
25.5111
39.3244
39.3244
39.3244
38.2222
38.2222
38.2222
30.6133
17.8667
17.7422
17.6178
20.32
21.9556
21.76
0
0
0
0
0
0
0
17.3156
17.3156
36.32
37.1022
0
0
35.04
35.04
33.2622
33.0311
32.8533
32.7111
32.8356
6.11556
0
0
0
0
0
33.8311
33.44
33.28
0
0
11.9111
12.3733
28.2133
37.2622
42.9689
0
36.5156
0
38.5778
0
0
0
9.97333
48.7111
28.7644
28.9244
29.0667
29.7244
27.4489
20.2667
20
25.92
25.6356
25.92
39.3244
39.3244
38.2222
38.2222
38.2222
30.5244
18.6133
18.4889
18.3644
20.1956
21.8311
21.6356
0
0
0
0
0
0
0
17.3156
17.3156
36.32
33.3511
0
0
35.04
35.04
33.2444
33.0311
32.8533
32.7111
32.8178
0
4.42667
0
0
0
0
0
33.44
33.28
0
0
11.9111
12.3733
28.2133
37.2622
43.0578
36.16
34.0267
37.0844
0
37.3333
0
0
0
0
28.7644
28.9244
29.0667
29.7244
27.3956
27.2533
28.9956
26.0444
25.76
26.0444
26.1689
39.36
38.2222
38.2222
38.2222
30.56
18.4889
18.3644
18.24
20.0711
21.7067
21.5111
0
0
0
0
0
0
0
17.3156
17.3156
36.32
33.3511
0
0
35.04
35.04
33.2267
33.0311
32.8533
32.7111
32.8
4.67556
4.49778
4.71111
4.90667
5.03111
29.2622
29.12
33.44
33.28
0
0
11.9111
12.3733
28.2133
37.2622
8.72889
0
31.8044
34.3289
37.3333
0
0
0
0
25.4578
28.7644
28.9244
29.0667
29.7244
27.36
29.3156
26.2933
26.1689
25.8844
26.1689
26.2933
26.4178
37.9378
38.2222
38.2222
30.6667
18.4889
18.3644
18.24
18.1156
21.5822
21.3867
0
0
0
0
0
0
0
17.3156
17.3156
36.32
33.3511
0
0
35.04
35.04
33.2089
33.0311
32.8533
32.7111
4.92444
4.8
4.58667
4.8
4.83556
5.15556
29.2622
29.12
33.44
33.28
0
0
11.9111
12.3733
28.2133
37.2622
6.89778
0
31.68
43.9822
8.48
37.0667
0
0
0
0
28.7644
28.9244
29.0667
29.7244
29.4578
26.5422
26.3644
26.5778
26.4533
39.4489
27.0933
27.2178
37.9378
37.9556
37.9733
30.9689
31.0933
31.2178
31.3422
31.4667
21.1378
21.3867
17.3156
17.3156
0
33.3511
0
0
35.04
35.04
33.1733
33.0133
32.8533
5.17333
5.04889
4.92444
4.67556
4.90667
4.94222
4.99556
29.2622
29.12
33.44
33.28
0
0
11.9111
12.3733
28.2133
37.2622
7.02222
0
31.5556
43.7867
0
0
0
37.8133
25.5822
0
28.7644
28.9244
29.0667
29.5644
26.7911
26.6667
26.4533
26.6667
26.7378
26.6133
27.0933
27.2178
37.9378
37.9556
37.9733
40.32
30.9689
31.0933
31.2178
31.3422
21.1378
21.2622
21.1378
31.84
31.9644
32.0889
32.2133
32.3378
32.32
32.3022
32.2844
17.3156
36.2133
0
33.3511
0
0
35.04
35.04
32.16
32.9956
32.8533
32.7111
32.7644
42.5244
42.6133
5.90222
6.08
6.29333
29.2622
29.12
33.44
33.28
0
0
11.9111
12.3733
28.2133
37.2622
7.14667
0
31.4311
8.60444
0
8.64
0
0
0
0
28.7644
28.9244
29.0667
29.7244
27.3422
27.2178
27.0933
27.1289
27.2356
27.1111
27.0933
27.2178
35.04
35.04
35.04
40.32
30.9689
31.0933
31.2178
31.3422
21.0133
21.1378
21.0133
31.84
31.9644
32.0889
32.2133
32.3378
32.32
32.3022
32.2844
17.3156
0
0
33.3511
0
0
35.04
35.04
32.1067
32.96
32.8356
32.7111
17.2267
17.2444
17.2622
5.90222
6.08
6.29333
29.2622
29.12
33.44
33.28
0
0
11.9111
12.3733
28.2133
37.2622
43.84
0
31.3067
0
8.19556
0
0
0
0
0
28.7644
28.9244
29.0667
29.7244
27.3422
27.4667
27.0933
27.1289
27.2356
27.36
32.1067
27.1822
35.04
35.04
35.04
40.32
30.9689
31.0933
31.2178
31.3422
21.0133
21.0133
21.0133
31.84
31.9644
32.0889
24.7467
8.44444
32.32
32.3022
32.2844
17.3156
0
0
33.3511
0
0
35.04
35.04
32.0533
32.9244
32.8178
32.8356
17.1556
17.1733
17.1911
5.90222
6.08
6.29333
29.2622
29.12
33.44
33.28
0
0
11.9111
12.3733
28.2133
37.2622
43.6444
0
31.1822
8.62222
0
0
0
0
0
22.4178
28.7644
29.7244
29.0667
29.7244
27.5911
27.4667
27.9822
27.2533
27.4844
27.36
32.1067
32.1422
36.7467
36.6222
11.4667
40.32
30.9689
31.0933
31.2178
31.3422
20.9067
20.9067
20.9067
31.84
31.9644
24.6222
21.8133
9.29778
32.32
32.3022
32.2844
17.3156
0
0
33.3511
0
0
30.6311
35.04
32.9067
32.8889
33.2089
32.96
33.2089
17.1911
17.2089
5.90222
6.08
6.29333
29.2622
29.12
33.44
33.28
0
0
11.9111
12.3733
28.2133
37.2622
43.5378
0
31.0578
0
0
0
0
0
0
0
28.7644
28.8356
29.0667
29.7244
27.7156
27.4667
28.1067
27.6089
27.6089
27.36
0
16.2844
27.5556
27.6089
11.4667
40.32
30.9689
31.0933
31.2178
31.3422
20.8178
20.8178
20.8178
31.84
27.5733
0
24.4978
14.7556
32.32
32.3022
32.2844
36.2489
0
0
33.3511
0
0
30.6311
35.04
32.8889
33.3867
33.28
33.0844
33.28
33.3867
17.2267
5.90222
6.08
6.29333
29.2622
29.12
33.44
33.28
0
0
11.9111
12.3733
28.2133
37.2622
43.4133
0
0
0
31.2
0
0
0
0
0
28.7644
28.8178
28.8711
29.12
29.2089
0
0
0
0
0
0
0
0
0
32.2844
40.32
30.9689
31.0933
31.2178
31.3422
20.7467
20.7467
20.7467
31.84
18.5067
19.1289
12.8
16.3556
32.32
32.3022
32.2844
36.2489
0
0
0
0
0
30.6311
30.6311
32.8356
33.4044
33.3156
33.1911
33.3156
33.4044
33.5111
6.02667
6.08
6.29333
29.2622
29.12
33.44
33.28
0
0
11.9111
12.3733
28.2133
37.2622
43.2711
0
14.7022
31.6444
0
0
0
0
0
0
28.7644
28.8356
28.8356
29.1911
29.1911
0
0
22.9156
0
0
21.8311
0
0
0
5.92
40.32
30.9689
31.0933
31.2178
31.3422
20.6578
20.6578
20.6578
24.3733
17.6356
18.4
0
14.0444
32.32
32.3022
24.8178
36.2489
0
0
30.0267
0
0
21.7067
30.6311
32.8889
32.8711
32.7822
32.7111
32.7822
29.1556
29.0489
0
6.20444
6.29333
29.2622
29.12
33.44
33.28
0
0
11.9111
12.3733
28.2133
37.2622
7.69778
0
13.4933
13.5822
0
0
0
0
0
0
28.7644
28.8178
28.8356
28.9778
28.9067
0
29.1911
29.4044
22.9156
3.82222
9.86667
18.88
0
0
0
40.32
23.5022
31.0933
23.7511
23.8756
20.5511
20.5511
20.5511
18.2933
18.2933
20.5511
0
18.2933
24.8533
24.8356
18.24
36.2489
0
18.1867
30.0978
29.9022
29.9022
0
21.3867
32.8889
32.8711
29.0667
28.9956
29.0667
0
0
0
0
6.41778
29.2622
29.12
33.44
33.28
0
0
11.9111
12.3733
28.2133
30.3644
7.78667
0
0
8.44444
36.0889
0
0
0
0
0
28.7644
28.7644
28.7644
28.7644
28.7644
28.7644
28.7644
28.7644
21.1733
20.9244
20.5511
20.3022
28.7644
28.7644
19.8044
19.4844
18.1689
18.1689
18.1689
18.1689
20.4267
20.4267
20.4267
20.4267
20.4267
20.4267
18.1689
20.1778
14.1511
0
19.5556
0
18.1689
18.1689
29.9022
29.9022
29.9022
29.9022
0
0
0
0
0
0
0
0
0
0
0
0
0
0
0
0
0
0
0
0
0
0
0
0
0
0
0
0
0
0
0
