98.3333
98.3333
81.3333
81.3333
81.3333
98.5556
98
99.3333
99.3333
100
100
99.6667
96.7778
99.6667
100
97
95.5556
95.5556
99.8889
0
0
0
100
0
100
100
100
100
99.3333
100
100
100
100
99.7778
65.7778
59
48.4444
59.1111
0
0
100
0
0
0
0
0
0
0
100
100
100
100
100
100
100
100
100
99.7778
73.6667
58.2222
57.8889
100
20.4444
0
97.7778
0
100
0
0
0
0
0
100
100
100
100
100
100
100
100
100
99.7778
100
100
51.5556
100
100
97.8889
97.5556
100
100
0
0
0
0
0
100
100
100
100
100
100
100
100
100
100
100
100
99.8889
97.8889
97.8889
97.8889
97.2222
97
99.8889
0
0
0
0
0
100
73.3333
100
100
99.3333
99.2222
93.5556
93.8889
100
100
100
99.8889
51
97.8889
97.8889
97.8889
99.8889
99.3333
100
0
0
0
0
0
99.2222
73.3333
73.3333
99.3333
99.7778
93.2222
93.5556
100
100
100
100
99.8889
58.1111
79.2222
97.8889
97.8889
100
99.3333
100
0
0
0
0
0
73.8889
73.3333
73.4444
73.6667
100
93.4444
97.7778
97.8889
97.7778
100
97.5556
85
100
79.3333
78.5556
100
100
100
100
0
95.4444
0
0
0
74
73.4444
73.6667
93.7778
83.1111
100
94.1111
94.4444
98.7778
98.2222
97.6667
0
80.8889
80.1111
97.5556
100
97.4444
100
99.6667
0
0
0
0
0
100
99.2222
93.7778
57.8889
83.3333
57.7778
100
94.5556
98.7778
99.5556
72.2222
0
81.6667
98
97.8889
97
97.8889
98.3333
99.8889
0
95.4444
95.2222
95
97
100
93.7778
78.3333
58.5556
83.6667
58.4444
78.2222
100
98.7778
98.7778
98.4444
0
98
98
98
97.5556
98.1111
98.4444
98.6667
0
95.4444
95.2222
95
84.1111
100
99.2222
99.2222
99.2222
97
98.7778
98.7778
98.7778
98.7778
98.7778
99.6667
100
99.3333
98
100
100
98.2222
99.8889
91.2222
98.5556
95.4444
94.8889
95
100
100
99.2222
99.2222
99.2222
97
98.7778
98.7778
98.7778
98.7778
98.7778
93.6667
99.3333
0
90.4444
100
100
98.5556
99.8889
99.8889
98.5556
94.6667
94.6667
100
100
100
99.2222
99.2222
99.2222
97
98.7778
98.7778
98.7778
98.7778
98.7778
98.7778
99.6667
0
0
100
100
98
99.8889
99.8889
100
94.4444
100
100
100
100
99.2222
99.2222
99.2222
100
0
59.4444
100
0
98
99.8889
99.8889
99.8889
100
100
99.8889
100
100
99.2222
99.2222
100
100
0
0
0
0
0
0
0
60.3333
0
98
61.1111
98
98.5556
100
99.8889
99.7778
99.8889
100
99.2222
100
100
100
0
0
0
0
0
97.8889
0
99.8889
99.4444
100
99.1111
96.3333
99.7778
99.2222
65.2222
100
100
100
0
0
0
0
0
0
0
0
99.7778
100
99.7778
99.1111
99.5556
84.7778
66
84.6667
100
100
100
0
0
0
0
0
99.8889
0
100
0
99.7778
99.5556
84.6667
66.7778
84.5556
84.6667
100
0
0
0
0
0
0
0
99.7778
0
0
33.6667
99.5556
84.5556
67.5556
84.5556
84.5556
99.2222
0
0
0
0
0
0
0
0
99.7778
95.6667
33.6667
99.5556
99.2222
99.2222
99.2222
99.2222
99.2222
100
99.2222
100
100
100
100
0
0
0
0
0
0
0
0
0
0
0
0
99.5556
99.2222
99.2222
99.2222
99.2222
99.2222
99.2222
100
100
100
100
0
0
0
0
0
0
0
0
0
0
0
100
100
99.5556
99.2222
99.2222
99.2222
99.2222
99.2222
100
100
100
100
100
100
100
0
0
0
0
0
0
100
100
0
0
100
100
