28.14
47.52
47.52
47.52
47.52
47.52
47.45
47.45
47.52
47.52
47.45
47.45
47.38
47.38
47.38
47.38
47.38
47.38
47.38
47.38
47.31
47.31
47.31
47.31
47.31
47.31
47.31
47.31
47.24
47.24
47.24
47.24
47.24
47.24
47.24
47.24
47.17
47.17
47.17
47.17
47.17
47.17
47.17
47.1
47.1
47.1
47.1
47.1
47.1
47.1
47.1
47.03
46.96
46.89
46.82
46.75
46.68
46.61
46.54
46.68
46.61
46.4
46.33
46.26
28.42
25.2
25.43
68.91
68.91
68.91
68.91
68.91
68.91
68.91
68.91
68.91
68.91
68.91
68.91
68.91
68.91
68.91
68.91
68.91
68.91
68.91
68.91
68.91
68.91
68.91
70.67
70.69
68.92
70.64
0
47.94
48.02
48.17
48.32
48.33
48.41
48.49
48.43
73.57
52.28
52.23
52.18
52.1
52.01
18.43
18.57
18.71
18.79
18.65
18.51
18.37
69.23
0
0
0
45.83
45.84
45.85
45.86
45.94
65.57
66.46
66.67
66.68
52.18
0
0
0
0
15.03
14.97
15.04
14.98
55.08
55.01
55.08
55.09
55.16
15.31
15.38
15.45
15.52
15.59
0
55.37
0
0
23.7
63.01
31.63
63.01
63.08
63.22
33.5
32.36
40.33
68.91
69.47
66.8
67
68.63
67.43
67.6
72.33
72.92
74.09
70.25
70.08
69.95
74.87
71.15
70.71
70.82
76.82
76.24
34.48
72.31
72.37
72.43
72.12
71.86
67.4
67.4
0
0
48.01
48.09
48.24
48.32
48.33
48.41
48.35
73.49
73.43
52.14
52.09
52.1
52.01
18.46
18.6
18.74
18.79
18.65
18.51
72.88
69.05
0
0
0
69.2
45.59
45.6
45.61
45.62
45.7
65.33
66.22
66.43
66.44
0
0
0
0
14.96
14.9
14.97
14.91
55.07
55
55.07
55.14
55.15
15.24
15.31
15.38
15.45
15.52
0
55.37
0
0
0
67.27
31.63
63.01
67.27
61.75
0
0
49.47
68.91
69.47
66.8
67
68.77
67.43
67.6
72.33
72.92
74.09
70.39
70.08
69.95
74.87
71.15
70.71
70.82
76.77
76.24
34.48
72.31
72.43
72.43
72.12
71.86
71.65
70.7
0
0
0
48.01
48.16
48.24
48.25
48.33
48.27
73.41
73.35
73.29
52
52.01
52.01
51.91
18.6
18.74
18.79
18.65
72.88
72.88
68.87
0
0
0
69
68.96
45.35
45.36
45.37
45.38
45.46
65.09
65.98
66.19
0
0
0
0
14.89
14.83
14.91
14.85
55.06
54.98
55.05
55.12
55.13
15.17
15.24
15.31
15.38
15.45
0
55.37
0
0
0
67.27
31.63
63.08
0
61.26
33.29
0
43.03
68.91
69.47
66.8
67
68.91
67.43
67.6
72.33
72.92
74.09
70.53
70.13
69.95
74.87
71.15
70.71
70.82
76.77
76.77
34.48
72.3
72.43
72.43
72.12
71.86
70.7
70.7
0
0
0
0
48.08
48.16
48.17
48.25
48.19
74.61
73.27
73.21
73.15
51.92
51.92
51.91
68.39
18.74
18.79
72.88
72.88
72.88
68.69
0
0
0
68.82
68.76
68.72
45.11
45.12
45.13
45.14
45.22
64.85
65.74
0
0
0
0
14.82
14.76
14.85
14.79
14.73
55.01
55.02
55.09
55.1
15.1
15.17
15.24
15.31
15.38
0
55.37
0
0
0
67.62
0
0
67.27
64.2
0
0
43.03
68.91
69.47
66.8
67
69.05
67.48
67.6
72.33
72.92
74.09
70.67
70.13
69.95
74.87
71.15
70.71
70.82
76.77
76.77
34.45
72.28
72.42
72.49
72.12
70.64
70.7
70.7
0
0
0
0
0
48.16
48.17
48.25
48.19
74.61
73.27
73.21
73.15
51.92
51.92
51.91
68.37
68.21
71.28
72.88
72.88
72.88
68.69
0
0
0
68.82
68.76
68.72
45.11
45.12
45.13
45.14
45.22
64.85
65.74
0
0
0
0
14.75
14.69
14.8
14.74
14.68
14.57
55
55.07
55.14
15.03
15.1
15.17
15.24
15.31
0
55.37
0
0
0
67.34
0
32.45
0
39.74
0
0
45.37
65.61
66.35
66.8
67
69.19
67.48
67.6
72.33
72.92
74.09
70.81
70.13
69.95
74.93
71.15
70.71
70.87
76.77
76.77
34.43
72.27
72.42
72.55
70.64
70.64
70.64
70.7
0
0
0
0
0
0
48.24
48.32
48.19
74.61
73.27
73.21
73.15
51.92
51.92
51.91
68.35
71.14
71.28
71.14
72.88
72.88
68.69
0
0
0
68.82
68.76
68.72
45.11
45.12
45.13
45.14
45.22
64.85
65.74
0
0
0
0
14.68
14.62
14.75
14.69
14.63
14.5
54.99
55.06
55.13
14.96
15.03
15.1
15.17
15.24
0
55.37
0
0
0
67.8
0
32.49
0
0
0
0
58.04
68.37
68.06
66.8
67
69.4
67.48
67.6
72.33
72.92
74.09
71.02
70.13
70.01
75.17
71.27
70.71
70.87
69.91
69.91
33.07
72.27
72.42
72.73
72.24
71.92
71.71
70.44
0
0
0
0
0
0
0
48.32
48.26
74.61
73.27
73.21
73.15
51.92
51.92
51.91
68.7
69.77
71.28
47.84
70.65
70.24
68.69
0
0
0
68.82
68.76
68.72
45.11
45.12
45.13
45.14
45.22
64.85
65.74
0
0
0
0
14.61
14.55
14.71
14.65
14.59
14.43
14.5
55.06
51.44
14.89
14.96
15.03
15.1
15.17
0
55.37
70.58
0
0
64.28
0
32.49
0
0
0
0
57.98
72.44
52.76
66.8
67
69.4
67.48
67.6
72.33
72.92
74.09
71.09
70.13
70.01
75.17
71.34
70.71
70.87
69.91
69.91
33.07
72.27
72.48
72.73
72.24
71.92
71.71
71.12
0
0
0
0
0
0
0
0
48.22
71.37
71.67
72.11
72.48
72.36
71.94
67.91
69.77
69.77
71.28
47.84
47.84
67.86
68.51
0
0
0
69.7
69.82
69.94
70.06
64.64
70.17
46.12
46.25
46.38
46.51
0
0
0
0
14.54
14.48
14.42
14.57
14.51
14.36
14.43
74.61
74.64
14.82
14.89
14.96
15.03
15.1
0
55.36
69.47
0
0
64.51
0
0
0
0
0
0
58.68
65.75
73.01
66.8
67
69.43
67.48
67.6
72.33
72.92
74.09
71.16
70.13
70.01
75.22
71.41
70.39
70.51
69.91
69.91
33.06
72.23
72.44
72.75
72.21
71.9
71.7
70.26
0
0
0
0
0
0
0
0
0
71.63
71.79
72.23
72.53
72.27
71.85
71.71
68.34
68.19
67.88
67.82
33.63
68.51
68.51
0
0
0
69.68
69.8
69.92
70.04
64.62
70.15
46.1
46.23
46.36
46.49
0
0
0
0
14.47
14.41
14.35
14.28
14.43
14.29
74.56
74.59
74.62
14.75
14.82
14.89
14.96
15.03
0
55.35
74.9
25.18
24.63
0
0
0
0
0
51.05
0
58.67
66.47
73.01
66.8
67
69.46
67.48
67.6
72.33
72.92
74.09
71.23
70.13
70.01
75.27
71.48
78.04
70.06
69.91
69.91
33.04
72.25
72.46
72.71
72.18
71.94
71.69
67.13
0
0
0
0
0
0
0
0
0
71.54
71.91
72.28
72.57
72.32
71.97
71.62
68.34
68.19
67.88
67.82
33.63
68.51
68.51
0
0
0
69.66
69.77
69.89
70.01
64.59
70.12
46.07
46.2
46.33
46.46
0
0
0
0
14.41
14.35
14.29
14.21
14.18
44.48
74.5
74.53
74.56
14.68
14.75
14.82
14.89
14.96
0
55.34
74.92
31.83
50.96
64.58
0
0
62.36
0
0
47.33
59.24
0
73.01
66.8
67
69.49
67.48
67.6
72.33
72.92
74.09
71.3
70.13
70.01
75.32
71.55
78.14
69.67
69.91
69.91
33.01
72.27
72.48
72.73
72.15
71.98
71.74
67.13
0
0
0
0
0
0
0
0
0
71.68
72.05
72.42
72.63
72.46
72.11
71.76
68.34
68.19
67.88
67.82
33.63
68.51
68.51
0
0
0
69.64
69.75
69.87
69.99
64.57
70.16
46.05
46.18
46.31
46.44
0
0
0
0
14.35
14.29
14.23
14.14
44.68
44.55
44.7
74.56
74.59
14.61
14.68
14.75
14.82
14.89
0
55.33
74.92
32.06
59.65
54.35
0
0
62.78
55.67
0
0
58.83
0
73.01
66.8
67
69.52
67.48
67.6
72.33
72.92
74.09
71.37
70.13
70.01
75.37
71.62
78.24
65.11
69.91
69.91
32.99
72.23
72.5
72.63
72.18
71.96
71.79
67.13
0
0
0
0
0
0
0
0
0
71.84
72.21
72.51
72.71
72.55
72.27
71.92
68.34
68.19
67.88
67.82
33.63
68.51
68.51
0
0
0
69.63
69.74
69.86
69.98
64.56
70.15
46.04
46.17
46.3
46.43
0
0
0
0
14.3
14.24
14.18
44.82
44.74
44.63
44.76
44.78
74.62
14.54
14.61
14.68
14.75
14.82
0
55.32
74.92
0
59.58
64.71
0
0
62.78
55.67
0
0
65.69
66.96
73.01
66.8
67
69.55
67.48
67.6
72.33
72.92
74.09
71.44
70.13
70.01
75.37
71.69
78.34
66.55
69.91
69.91
32.98
72.19
72.46
72.77
72.27
71.94
71.78
70.35
0
0
0
0
0
0
0
0
0
72
72.3
72.59
72.79
72.63
72.36
72.08
68.34
68.19
67.88
67.82
33.63
68.51
68.51
0
0
0
69.63
69.74
69.86
69.98
64.56
70.15
46.04
46.17
46.3
46.43
0
0
0
0
14.25
14.19
44.96
44.88
44.8
44.69
44.82
44.84
44.84
14.47
14.54
14.61
14.68
14.75
0
55.32
74.92
50.24
58.16
54.45
69.34
0
0
55.2
0
0
65.69
67.09
73.01
66.8
67
69.58
67.48
67.6
72.33
72.92
74.09
71.51
70.18
70.01
75.37
71.76
31.31
68.9
69.91
69.91
32.98
72.15
72.48
72.67
72.3
71.92
71.77
71.03
0
0
0
0
0
0
0
0
0
72.12
72.41
72.61
72.8
72.63
72.44
68.71
68.34
68.19
67.88
67.82
33.63
68.51
68.51
0
0
0
69.61
69.71
69.82
69.93
64.5
70.08
45.97
46.1
46.23
46.36
0
0
0
0
14.21
14.15
14.09
13.93
14
13.97
74.58
13.76
13.69
14.4
14.47
14.54
14.61
14.68
0
55.31
74.92
51.02
58.86
62
57.06
0
0
0
0
0
65.69
67.16
73.01
66.8
67
69.61
67.48
67.6
72.33
72.92
74.09
71.58
70.18
70.01
75.37
71.83
32.73
49.25
69.91
69.91
32.91
72.11
72.44
72.75
72.33
71.9
71.76
70.23
0
0
0
0
0
0
0
0
0
0
72.47
72.62
72.8
72.62
68.72
68.71
68.34
68.19
67.88
67.82
33.63
68.5
68.5
0
0
0
69.59
69.68
69.78
69.88
64.44
70.01
45.9
46.03
46.16
46.29
0
0
0
0
0
14.07
14.01
13.86
13.93
68.04
68.04
13.7
13.63
14.33
14.4
14.47
14.54
14.61
0
55.3
70.06
0
0
62
68.7
0
0
0
0
52.54
65.69
0
73.01
66.8
67
69.61
67.53
67.6
72.33
72.92
74.09
71.65
70.18
70.01
75.37
71.9
32.53
49.95
69.91
69.91
32.84
72.07
72.46
72.77
72.36
71.94
71.75
69.37
0
0
0
0
0
0
0
0
0
0
0
72.71
72.86
68.73
68.72
68.72
68.34
68.19
67.88
67.82
33.63
68.49
68.49
0
0
0
69.57
69.65
69.74
69.83
64.38
69.94
45.83
45.96
46.09
46.22
0
0
0
0
0
0
13.93
13.79
68.04
68.04
68.04
13.65
13.58
14.26
14.33
14.4
14.47
14.54
0
55.29
74.27
69.19
62.26
0
65.17
0
0
0
30.74
53.1
30.22
0
73.01
66.8
67
69.61
67.53
67.6
72.33
72.92
74.09
71.72
70.18
70.01
75.37
71.97
32.32
29.27
69.91
69.91
32.8
72.09
72.36
72.73
72.39
72.1
71.8
68.69
0
0
0
0
0
0
0
0
0
0
0
0
49.01
68.75
68.75
68.74
68.34
68.19
67.88
67.82
33.63
68.48
68.48
0
0
0
69.55
69.62
69.7
69.78
64.32
69.87
45.76
45.89
46.02
46.15
0
0
0
0
0
0
0
47.11
68.04
68.04
68.04
13.6
13.53
14.19
14.26
14.33
14.4
14.47
0
55.28
74.34
72.64
0
0
69.2
0
0
0
25.42
69.44
66.03
0
73.01
66.8
67
69.61
67.53
67.6
72.33
72.92
74.09
71.79
70.18
70.01
75.37
72.04
70.1
69.91
69.91
69.91
32.76
72.23
72.44
72.75
72.54
72.14
71.97
68.19
0
0
0
0
0
0
0
0
0
0
0
49.18
49.07
49.2
68.72
68.72
68.34
68.19
67.88
67.82
33.63
68.47
68.47
0
0
0
69.53
69.59
69.66
69.73
64.26
69.8
45.69
45.82
45.95
46.08
0
0
0
0
0
0
47.33
47.17
47.31
68.04
68.04
13.56
13.49
14.12
14.19
14.26
70.43
14.4
0
55.27
69.78
72.71
68.32
0
0
0
0
0
25.6
69.86
31.3
69.23
73.01
66.8
67
69.61
67.53
67.6
72.33
72.92
74.09
71.86
70.18
70.01
75.37
72.04
70.1
29.78
29.78
29.78
29.78
72.25
72.46
72.65
72.51
72.06
72.02
67.57
0
0
0
0
0
0
0
0
0
0
49.32
49.24
49.13
49.26
49.28
68.71
68.34
68.19
67.88
67.82
33.63
68.46
68.46
0
0
0
69.51
69.56
69.62
69.68
64.2
69.73
45.62
45.75
45.88
46.01
0
0
0
0
0
47.47
47.4
47.24
47.39
47.43
68.04
13.49
13.42
14.05
14.12
69.11
69.11
14.33
0
55.26
84.95
68.88
68.74
0
65.86
0
69.26
68.08
69.86
69.86
69.54
69.4
73.01
66.8
67
69.61
67.53
67.6
72.33
72.92
74.09
71.93
70.18
70.01
75.37
72.11
80.06
72.21
72.36
72.73
72.54
72.1
71.95
72.57
0
0
0
0
0
0
0
0
0
49.46
49.38
49.3
49.19
49.32
49.34
49.34
68.34
68.19
67.88
67.82
33.63
68.45
68.45
0
0
0
69.5
69.54
69.59
69.64
64.15
69.67
45.55
45.68
45.81
45.94
0
0
0
0
47.61
47.54
47.47
47.31
47.47
47.51
47.53
13.35
13.35
13.98
69.11
69.11
69.11
14.26
0
55.25
70.34
65.94
54.26
54.57
0
0
45.09
0
0
0
69.54
63.27
73.01
66.8
67
69.61
67.53
67.6
72.33
72.92
74.09
71.93
70.18
70.01
75.37
70.9
39.47
28.31
28.34
28.34
72.23
72.5
72.75
72.51
72.14
72.06
76.65
0
0
0
0
0
0
0
0
0
0
0
0
0
0
0
0
68.34
68.19
67.88
67.82
33.63
68.44
68.44
0
0
0
69.5
69.53
69.57
69.61
64.11
69.62
45.48
45.61
45.74
45.87
0
0
0
0
0
0
0
0
74.71
70.72
54.05
13.28
13.25
0
69.11
69.11
69.11
14.19
0
55.24
70.34
56.84
0
56.02
35.67
0
42.79
0
77.93
0
73.2
73.21
73.01
66.8
67
67.2
67.4
67.6
72.33
72.92
74.09
69.87
69.87
70.07
75.37
31.75
39.52
28.61
28.61
72.21
72.13
72.46
72.77
72.54
72.3
72.11
75.89
68.34
68.19
67.88
67.82
33.63
68.43
68.43
0
0
0
69.5
69.53
69.56
69.59
64.08
69.58
45.41
45.54
45.67
45.8
0
0
0
0
0
0
0
74.79
74.77
70.72
53.98
13.21
0
0
0
69.11
69.11
14.12
0
55.23
55.46
55.7
0
55.97
0
0
0
0
0
0
0
77.43
69.6
66.71
66.91
68.5
67.31
67.51
72.39
72.98
72.15
68.5
69.45
69.65
71.14
69
39.7
28.61
28.61
72.24
72.15
72.42
72.79
72.51
72.28
72.04
75.66
0
0
0
0
0
0
0
0
0
0
0
0
0
0
68.34
68.19
67.88
67.82
33.63
68.42
68.42
0
0
0
69.5
69.52
69.54
69.56
64.04
69.53
69.53
45.47
45.6
45.73
0
0
0
0
0
0
74.52
74.83
74.81
70.72
53.91
0
0
0
0
0
69.11
14.05
0
55.22
55.44
55.67
0
55.97
14.96
0
0
0
0
0
54.96
78.1
78.15
77.89
77.94
77.99
78.04
78.09
78.1
34.6
33.38
33.44
33.05
32.77
40.82
0
39.7
28.61
28.61
72.28
72.18
72.44
72.81
72.54
72.26
72.09
48.96
0
0
0
0
0
0
0
0
0
0
0
0
0
0
68.34
68.19
67.88
67.82
33.63
68.41
68.41
0
0
0
69.49
69.5
69.51
69.52
63.99
69.53
69.47
45.4
45.53
45.66
0
0
0
0
0
47.67
47.59
74.52
74.52
74.52
0
0
0
0
0
0
0
13.98
0
55.21
55.42
55.64
71.75
72.51
52.86
0
0
4.98
0
0
54.96
78.38
78.39
66.77
66.97
0
67.57
67.57
72.51
73.1
69.78
28.87
67.17
68.87
70.91
40.04
39.7
28.61
28.61
72.26
72.27
72.46
72.71
72.51
72.36
72.2
48.96
0
0
0
0
0
0
0
0
0
0
0
0
0
68.75
0
68.34
68.19
67.88
67.82
33.63
68.4
68.4
0
0
0
69.47
69.47
69.47
69.47
63.93
69.46
69.4
45.33
45.46
45.59
0
0
0
0
47.12
47.81
47.65
47.79
74.52
74.81
53.84
13
12.97
13.73
13.7
13.77
13.84
13.91
0
55.2
55.4
55.61
71.82
31.95
0
0
0
4.98
0
0
54.96
78.38
66.96
66.97
66.98
66.99
67
67.01
48.04
72.77
72.76
0
0
0
41.49
32.05
39.7
28.61
28.61
72.31
72.31
72.49
72.79
72.48
72.34
29.37
48.96
0
0
0
0
0
0
0
0
0
0
0
0
0
0
68.34
68.19
67.88
67.82
33.63
68.39
68.39
0
0
0
69.47
69.47
69.47
69.47
63.93
69.46
69.4
69.4
69.4
69.4
0
0
0
47.26
47.95
47.88
47.72
47.86
47.89
74.77
53.77
12.93
12.9
13.66
13.63
13.7
13.77
13.84
0
55.19
55.38
55.58
53.13
38.88
53.04
54.7
0
4.98
0
0
54.29
66.96
66.96
66.89
67
67.02
67.04
67.06
46.11
54.93
41.59
41.57
0
0
0
41.49
0
28.61
28.61
48.83
72.33
72.51
72.87
72.5
29.37
29.37
30.73
0
0
0
0
0
0
0
0
0
0
0
0
0
0
68.34
68.19
67.88
67.82
33.63
68.38
68.38
0
0
0
69.47
69.47
69.47
69.47
69.47
63.93
69.46
69.4
69.4
69.4
0
0
47.4
47.32
47.25
47.95
47.79
47.93
47.96
47.97
53.7
12.87
13.63
13.6
13.56
13.63
13.7
13.77
0
55.18
55.36
55.55
55.74
0
0
0
0
0
54.29
0
54.29
66.96
66.96
47.66
67.02
67.05
67.08
67.11
42.45
0
34.01
41.62
41.59
0
0
40.44
0
28.61
28.61
48.83
72.79
72.65
72.83
29.37
29.37
29.37
30.76
0
0
0
0
0
0
0
0
0
0
0
0
0
0
68.34
68.19
67.88
67.82
33.63
68.37
68.37
0
0
0
63.53
69.47
69.47
69.47
69.47
69.47
63.93
69.46
69.4
69.4
0
0
0
0
0
0
0
0
13.01
53.68
53.63
12.81
13.57
13.54
13.49
13.56
13.63
13.7
0
55.17
55.34
55.52
55.7
0
0
0
0
0
54.29
0
54.29
66.96
66.96
53.2
0
38.39
0
0
0
45.03
0
38.83
38.74
38.65
38.75
38.58
0
28.61
28.61
48.81
72.75
72.66
76.18
29.32
29.35
29.35
30.79
0
0
0
0
0
0
0
0
0
0
0
0
0
0
68.34
68.19
67.88
67.82
33.63
68.36
68.36
68.36
0
0
69.47
69.47
69.47
69.47
69.47
69.47
69.47
63.93
69.46
69.4
0
0
0
0
0
0
0
0
12.94
12.91
53.63
12.76
13.52
13.49
13.42
13.49
13.56
13.63
0
55.16
55.32
55.49
55.66
60.52
0
0
0
0
54.29
0
54.29
66.96
23.02
65.97
0
0
38.76
11.26
44.95
44.95
0
38.76
38.68
38.6
38.83
38.66
0
28.61
28.61
48.79
72.71
76.18
76.18
76.18
29.35
29.35
30.82
0
0
0
0
0
0
0
0
0
0
0
0
0
0
68.34
68.19
67.88
67.82
33.63
68.35
68.35
68.35
69.62
69.47
69.47
69.47
69.47
69.47
69.47
69.47
69.47
63.93
69.46
69.4
0
0
0
0
0
0
0
0
12.88
12.85
53.57
12.71
13.47
13.44
13.35
13.42
13.49
13.56
0
55.15
55.3
55.46
55.62
45.35
32.97
0
0
0
54.29
0
54.29
45.15
45.28
75.74
56.71
0
46.82
11.26
44.87
44.87
0
38.69
38.62
38.55
38.93
38.76
0
28.61
28.61
48.77
31.45
76.18
76.18
76.18
76.18
29.35
30.85
0
0
0
0
0
0
0
0
0
0
0
0
0
68.79
68.34
68.19
67.88
67.82
33.63
68.34
68.34
68.34
69.47
69.47
69.47
69.47
69.47
69.47
69.47
69.47
69.47
63.93
69.46
69.46
0
0
0
0
0
0
0
0
12.82
12.79
12.75
12.67
13.43
13.4
13.28
13.35
13.42
48.18
0
55.14
55.28
55.43
55.58
32.83
0
17.29
0
0
54.29
0
54.29
45.16
45.3
62.7
57.69
44.67
46.82
44.79
0
44.79
0
38.62
38.56
38.5
47.33
47.29
0
28.61
28.61
31.54
76.18
76.18
76.18
76.18
76.18
76.18
30.88
0
0
0
0
0
0
0
0
0
0
0
0
0
0
68.34
68.19
67.88
67.82
33.63
0
0
0
0
0
0
0
0
12.77
12.74
12.7
12.61
13.34
13.32
13.21
13.28
82.4
48.11
0
55.13
55.26
55.4
55.54
53.44
0
33.24
0
0
54.37
0
54.37
54.27
45.32
44.68
58.17
44.59
0
44.71
0
44.71
0
38.55
38.5
38.45
47.28
47.25
0
28.61
28.61
48.72
72.77
72.62
72.63
68.53
64.03
48.04
30.91
0
0
0
0
0
0
0
0
0
0
0
0
0
0
68.34
68.19
67.88
67.82
33.63
0
0
0
0
0
0
0
0
0
0
0
0
0
0
0
0
0
0
0
0
0
12.72
12.69
12.65
12.73
12.8
13.24
13.14
82.47
82.49
82.51
0
55.12
55.24
55.37
55.5
55.7
72.4
0
43.72
0
54.37
0
54.37
45.11
45.34
44.23
58.46
44.51
12.21
0
0
44.63
0
38.48
38.44
38.4
37.95
47.21
0
28.61
28.61
48.7
72.73
72.58
72.59
69.37
64.08
48.03
30.94
0
0
0
0
0
0
0
0
0
0
0
0
0
0
68.34
68.19
67.88
67.82
33.63
0
0
0
0
0
0
0
0
0
0
0
0
0
0
0
69.09
69.09
69.1
69.15
69.2
0
12.68
12.65
12.61
53.73
12.73
12.8
0
82.52
82.52
82.52
0
55.11
55.22
55.34
55.46
55.65
77.45
0
0
0
40.14
0
0
77.15
61.45
44.15
59.73
44.43
45.85
31.85
46.03
59.15
0
38.41
38.38
38.35
45.54
47.25
0
68.57
72.6
72.55
68.99
64.06
48.02
30.97
0
0
0
0
0
0
0
0
0
0
0
0
0
0
68.34
68.19
67.88
67.82
33.63
0
0
0
0
0
0
0
0
0
0
0
0
0
69.87
69.12
69.16
69.21
69.26
69.18
69.22
48.29
48.32
12.61
12.72
55.01
12.66
0
0
0
82.4
82.41
0
55.1
55.2
55.31
55.42
55.6
53.35
72.08
0
0
47.06
0
0
44.12
63.13
44.07
60.14
34.95
0
45.71
9.62
0
0
0
38.32
66.08
38.68
37.91
0
29.47
37.68
37.68
37.68
68.53
68.56
68.57
68.96
64.07
48.01
31
0
0
0
0
0
0
0
0
0
0
0
0
0
0
68.34
68.19
67.88
67.82
33.63
0
0
0
0
0
0
0
0
0
0
0
0
71.19
69.87
69.12
69.15
69.19
69.23
69.27
69.27
48.14
48.23
48.24
12.64
55.01
0
0
0
0
0
82.38
0
55.09
55.18
55.28
55.38
55.55
55.61
50.61
0
0
54.52
0
39.84
59.76
64.96
50.85
50.77
0
50.94
0
77.39
39.04
0
0
43.75
66.76
47.08
47.09
0
37.62
37.56
63.41
68.96
69.01
68.52
68.53
68.93
64.02
41.8
31.03
68.34
68.19
55.88
67.82
33.63
0
0
0
0
0
0
0
0
0
0
0
71.25
71.19
69.87
69.12
69.15
69.18
69.21
69.21
69.21
69.18
69.15
48.15
48.18
49.9
0
0
0
0
0
0
0
55.08
55.16
55.25
55.34
55.5
55.56
53.29
50.4
0
54.36
0
0
79.95
44.32
60.97
43.49
0
34.8
35.03
75.05
0
0
0
0
39.35
0
46.9
46.97
37.62
37.56
63.38
68.92
68.97
69
69.01
68.9
64.03
41.8
31.06
57.07
68.67
60.88
34.05
54.86
54.79
0
0
0
0
0
0
0
0
0
56.33
68.34
68.19
57.14
67.91
33.63
0
0
0
0
0
0
0
0
0
0
71.31
71.25
0
69.87
69.12
69.14
69.16
69.16
69.16
69.16
69.14
69.12
48.12
50.04
49.94
50.06
48.57
48.62
48.56
48.65
0
0
55.07
55.14
55.22
55.3
55.45
55.51
55.55
50.33
0
54.36
0
0
50.03
62.85
0
0
51.07
0
0
0
0
0
47.92
0
47.92
47.92
47.92
50.81
54.89
37.56
63.35
63.45
68.93
68.96
68.97
63.44
64.01
41.8
31.09
0
36.52
54.43
36.52
36.52
36.52
36.52
61.54
67.53
67.65
68.48
0
0
0
35.95
36.08
68.38
68.22
36.07
68.37
33.63
35.11
0
0
0
0
0
0
0
0
71.37
71.31
0
0
69.87
69.11
69.12
69.12
69.12
69.12
69.12
69.11
69.1
50.18
50.11
49.99
50.11
50.13
75.79
48.53
48.61
0
0
55.06
55.12
55.19
55.26
55.4
55.46
55.5
50.33
0
54.36
0
0
49.96
44.08
50
0
0
51.05
50.28
0
0
0
0
0
39.34
39.34
39.34
39.34
56.15
37.72
63.81
63.41
68.89
68.92
68.93
63.41
63.99
41.8
31.12
0
0
54.43
0
36.52
36.52
36.52
63.22
67.56
58.92
0
0
0
0
35.95
68.58
68.42
68.31
36.4
66.76
33.63
35.11
35.12
35.14
35.17
0
0
0
0
71.42
71.37
0
0
0
69.87
0
69.09
69.09
69.09
69.09
69.09
69.09
69.09
50.32
50.25
50.18
50.04
50.17
50.19
50.2
48.51
48.58
0
0
55.05
55.1
55.16
55.22
55.35
55.41
55.45
50.33
0
54.36
0
0
49.96
75.57
49.93
0
0
50.57
50.21
0
0
0
0
0
38.3
38.3
38.3
38.3
56.09
42.32
63.78
63.37
63.42
63.45
68.89
63.38
63.97
41.78
31.12
0
0
0
37.39
37.48
67.65
67.85
36.52
0
0
0
0
0
0
0
0
0
68.31
36.44
40.21
33.63
35.11
35.12
35.14
35.16
35.18
35.2
0
0
71.37
0
0
0
0
0
57.99
0
0
55.05
55.09
55.14
55.18
55.3
55.36
55.4
50.33
0
54.36
0
0
49.96
50.1
49.93
50.21
50.36
0
50.21
0
0
0
0
0
38.3
38.3
38.3
38.3
56.03
42.27
63.75
63.33
63.38
63.41
63.42
63.35
63.95
41.78
49.28
0
0
0
0
37.48
67.62
67.82
0
0
0
0
0
0
0
0
36.49
0
64.35
36.49
68.46
33.63
35.15
0
0
0
70.77
0
0
0
0
0
0
0
0
0
57.99
0
0
0
0
0
0
0
0
0
0
0
0
0
0
0
0
55.05
55.08
55.12
55.14
55.25
55.31
55.35
50.33
0
54.36
0
45.26
49.96
50.17
50
29.26
25.8
0
50.28
43.41
0
0
0
0
38.3
38.3
38.3
38.3
55.97
42.23
63.72
63.78
63.34
63.37
63.38
63.81
63.93
41.78
49.25
35.87
0
0
0
0
67.6
67.8
0
0
0
0
60.08
0
0
58.33
59.42
51.77
36.49
34.19
40.27
33.63
33.63
0
0
0
0
0
0
0
0
0
0
0
0
0
0
57.99
53.11
0
0
0
0
0
0
0
0
0
0
0
0
0
0
0
55.05
55.08
55.11
55.1
55.2
55.26
55.3
50.33
0
0
0
45.26
50.03
29.19
50.07
21.88
21.39
0
50.35
0
0
0
38.4
0
31.72
48.25
50.99
47.47
55.98
42.18
63.7
63.75
63.79
63.33
63.34
63.78
63.91
41.78
49.22
35.87
0
0
0
0
67.59
67.79
0
61.34
0
0
0
61.52
65.15
65.25
53.2
0
36.61
36.61
66.66
33.63
0
0
0
0
0
0
0
0
0
0
0
0
0
0
57.99
53.11
53.11
0
0
0
0
0
0
0
0
0
0
0
57.12
0
0
0
55.05
55.08
55.1
55.06
55.15
55.21
55.25
50.33
0
0
0
45.26
29.19
50.31
50.14
50.45
0
0
50.42
43.81
0
0
0
0
0
38.33
48.28
54.47
55.92
42.12
63.68
63.72
63.75
63.78
63.79
63.75
63.89
41.78
78.56
35.87
0
0
0
0
67.59
67.79
0
61.37
0
0
61.36
65.44
55.43
61.54
64.39
0
0
53.62
32.82
33.63
0
0
0
0
0
0
0
0
0
0
0
0
0
0
57.99
53.11
53.11
53.11
0
0
0
0
0
0
0
0
0
0
0
0
0
55.05
55.08
55.1
55.02
55.1
55.16
41.47
50.33
0
45.07
0
45.26
0
42.92
42.89
43.18
43.13
43.13
43.42
43.81
44.14
0
42.94
42.92
38.85
38.85
38.85
55.82
55.86
42.05
63.67
63.7
63.71
63.74
63.75
63.72
63.87
41.78
49.06
35.87
0
0
0
0
67.54
67.73
16.69
0
0
65.46
0
65.16
65.29
57.02
61.55
0
0
59.05
0
33.63
0
0
0
0
0
0
0
0
0
0
0
0
0
0
57.99
53.11
53.11
53.11
53.11
0
0
0
0
0
0
0
0
0
0
0
0
43.22
55.04
55.06
54.98
55.06
41.36
41.45
50.33
0
0
0
45.26
42.38
42.45
42.52
42.59
42.77
43
42.87
42.9
0
0
42.81
43.26
58.88
54.22
54.34
55.78
55.8
42.05
63.66
63.68
63.67
63.7
63.71
63.69
63.85
41.78
38.89
35.87
0
0
0
0
67.49
67.67
27.89
65.41
68
67.93
67.77
67.84
67.91
0
0
0
0
0
0
33.63
57.99
69.93
0
53.11
53.11
53.11
53.11
0
0
0
0
0
0
0
0
0
0
0
43.22
43.22
55.02
54.94
41.26
41.34
41.42
50.33
0
44.86
45.23
45.26
42.31
42.38
42.45
42.52
42.78
42.74
42.88
42.83
0
42.67
42.74
43.19
59.58
55.59
55.64
55.75
55.74
42.05
63.66
63.67
63.63
63.66
63.67
41.55
63.83
41.78
50.31
35.87
0
0
0
0
67.44
67.61
65.68
0
65.27
67.86
67.62
67.77
0
0
0
0
0
0
0
33.63
33.65
32.93
32.93
32.93
0
0
0
0
0
0
0
58.25
58.25
58.25
58.25
58.06
0
0
53.11
53.11
53.11
53.11
0
0
0
0
0
0
0
0
0
0
43.22
43.22
46.13
45.71
41.15
41.22
41.29
50.33
0
44.86
45.38
45.26
42.31
42.38
42.45
42.52
42.78
42.9
42.85
42.83
42.53
42.6
42.67
43.19
59.62
55.58
55.62
55.72
55.68
55.77
42.05
63.63
63.59
63.62
41.51
41.49
63.81
41.78
50.35
35.87
36.08
0
0
0
67.39
67.55
67.7
67.63
61.03
59.36
59.2
0
0
0
0
0
0
0
0
34.33
32.93
32.93
32.93
0
0
0
0
0
0
0
0
57.85
57.99
57.92
57.92
58.06
0
0
0
53.11
53.11
53.11
53.11
53.11
0
0
0
0
0
0
0
0
43.22
43.22
45.88
45.77
45.9
41.29
41.36
50.33
0
44.86
45.38
45.26
42.31
42.38
42.45
42.52
42.78
42.9
42.87
42.79
42.37
42.44
42.51
43.19
59.66
55.58
55.61
55.7
55.62
55.7
55.78
37.2
63.55
41.43
55.5
55.5
63.79
41.78
50.35
35.87
36.08
0
0
0
67.34
67.49
67.63
67.56
65.67
65.6
59.23
67.62
0
0
0
12.88
0
23.94
33.66
34.33
32.93
32.93
0
0
0
0
0
0
0
0
0
57.92
57.85
57.92
57.92
0
0
0
0
53.11
53.11
53.11
0
0
0
0
0
0
0
0
0
0
43.22
45.96
45.94
45.83
45.96
45.92
41.43
50.33
0
44.86
45.38
45.26
42.31
42.38
42.45
42.52
42.78
42.9
42.79
42.79
42.62
42.51
42.58
43.19
59.7
59.42
55.62
55.64
55.56
55.64
47.05
47.03
57.54
46.91
46.91
54.47
63.77
41.78
34.35
35.87
36.08
0
0
0
67.29
67.43
67.56
67.49
65.6
59.31
67.72
67.65
67.69
0
0
0
12.7
23.93
33.66
0
0
0
0
0
0
0
0
0
0
0
0
0
0
0
0
0
0
0
0
0
0
0
0
0
0
0
0
0
0
0
0
0
45.68
45.66
45.58
45.47
45.6
45.62
45.98
50.33
0
44.86
45.38
45.26
42.31
42.38
42.45
42.52
42.78
42.79
42.79
42.79
42.63
42.64
42.65
43.19
59.74
59.47
40.17
55.58
55.5
47.02
47.01
57.54
57.54
57.54
54.47
55.5
63.75
41.78
45.01
35.87
36.08
0
0
0
67.24
67.37
67.49
67.42
59.35
67.78
67.75
67.67
67.73
67.78
0
0
14.43
26.79
0
0
0
23.74
0
0
0
0
0
0
0
0
0
0
0
0
0
0
0
0
0
0
0
0
0
0
0
0
0
18.34
18.34
9.21
0
0
0
45.58
45.5
45.49
45.4
45.38
45.69
0
32.67
0
44.85
45.38
45.26
42.31
42.38
42.45
42.52
42.69
42.79
42.79
42.79
42.63
42.64
42.65
43.19
59.78
59.52
40.15
39.79
38.39
46.95
46.58
57.54
57.54
46.58
58.1
55.5
75.59
41.78
56.12
35.87
36.08
0
0
0
67.19
67.31
67.42
59.41
65.16
67.79
67.77
67.69
67.75
67.79
65.16
0
14.97
0
0
0
0
0
0
0
0
0
0
0
0
0
0
0
18.34
18.34
8.95
0
0
45.02
44.94
44.93
44.83
44.8
0
0
46.1
47.09
44.85
45.38
45.26
42.38
42.45
42.52
42.59
42.99
42.97
42.94
42.9
42.66
42.66
43.2
43.26
59.88
59.57
40.13
38.48
38.43
55.27
58.1
46.58
57.54
58.1
58.1
58.1
46.38
41.78
56.31
35.87
36.08
0
0
0
67.14
67.25
67.35
67.28
65.41
65.34
65.27
65.18
65.25
65.26
65.24
0
18.73
0
30.93
0
0
26.59
26.59
26.59
26.59
26.59
26.59
26.59
26.59
26.59
26.59
26.59
26.59
26.59
0
0
0
0
0
0
0
0
0
0
0
0
0
0
18.34
0
0
0
0
0
0
0
0
0
56.32
46.1
0
0
45.38
45.26
42.45
42.52
42.59
42.66
43.06
43.04
43.01
42.97
42.66
42.66
43.27
43.33
59.98
59.68
38.59
38.52
38.47
38.58
62.7
59.06
63.68
63.67
46.35
46.36
46.36
41.78
56.5
35.87
36.08
0
0
0
67.09
67.19
67.28
67.21
65.36
65.29
65.22
65.11
65.18
65.2
65.19
24.65
22.14
28.56
30.9
0
39.28
3.82
3.85
3.87
3.88
3.94
4
4
3.82
3.79
3.76
3.73
3.69
39.24
0
0
0
0
0
0
0
0
0
0
0
0
0
0
0
0
0
56.33
0
0
0
0
56.32
56.45
0
56.72
0
0
45.26
42.52
42.59
42.66
42.73
43.13
43.11
43.08
43.04
42.66
42.66
43.34
43.4
60.02
38.72
38.63
38.56
38.51
38.62
38.63
42.94
64.17
58.13
59.2
60.1
46.24
41.78
56.69
35.87
36.08
61.5
0
0
67.04
67.13
67.21
67.14
65.31
65.24
65.17
65.04
65.11
65.14
65.14
24.54
24.79
21.74
26.72
0
39.28
3.81
3.84
3.86
3.87
3.93
3.99
4
3.82
3.79
3.76
3.73
3.69
39.24
0
0
0
56.35
56.33
0
0
56.32
56.45
56.45
0
0
47.05
54.48
45.02
32.42
32.36
32.3
32.24
32.18
32.12
32.06
32
31.94
31.88
31.82
42.28
60.06
59.84
40.12
39.77
39.49
39.37
52.07
52.27
58.13
58.13
58.13
46.25
46.35
41.78
45.39
35.87
36.08
61.5
0
0
66.99
67.07
67.14
67.07
65.27
65.2
65.13
64.97
65.04
65.08
45.77
24.59
25.01
31.2
30.92
0
39.28
3.81
3.83
3.85
3.85
3.91
3.97
3.99
3.82
3.79
3.76
3.73
3.69
39.24
0
0
0
0
0
0
0
0
0
0
0
0
0
0
0
0
0
0
56.45
56.45
56.45
0
56.45
56.45
56.45
0
0
37.77
47.43
54.62
35.53
44.27
0
0
0
0
67.81
59
59.04
59.06
58.93
58.86
60.1
59.89
40.12
39.77
39.49
39.37
52.07
58.13
58.13
58.13
58.13
58.13
46.35
41.78
45.47
35.87
36.08
61.5
0
0
61.22
67.01
67.07
67
67.03
65.13
65.06
64.9
64.97
29.24
45.72
45.24
27.42
31.2
30.93
0
39.28
3.81
3.82
3.83
3.82
3.88
3.94
3.97
3.81
3.79
3.76
3.73
3.69
39.31
0
54.28
54.23
54.18
54.13
54.08
54.03
53.98
53.93
53.88
0
0
0
0
0
0
0
0
0
0
0
0
0
54.47
54.48
0
37.85
0
0
0
0
49.63
43.47
0
0
0
38.23
60.27
60.43
60.51
60.51
60.33
60.2
60
40.12
39.77
39.49
39.37
37.27
37.09
58.13
58.13
58.13
58.13
58.13
41.78
45.56
35.87
36.08
61.5
0
0
61.18
61.24
61.29
61.21
61.24
61.27
64.99
61.77
29.17
29.18
45.65
45.19
29.01
30.48
30.85
0
39.28
3.81
3.82
3.83
3.8
3.86
3.92
3.96
3.81
3.79
3.76
3.73
3.69
39.31
0
0
54.3
54.25
54.2
54.15
54.1
54.05
54
53.95
54.75
54.71
54.67
0
0
0
0
0
54.49
0
0
0
0
0
54.49
0
32.39
0
0
0
27.09
44.79
0
38
0
67.54
66.06
60.29
60.38
60.52
60.47
60.36
60.18
60.05
40.12
39.77
39.49
39.37
52.07
52.27
64.45
63.96
58.13
42.66
42.22
41.78
45.65
35.87
36.08
61.5
0
0
61.14
61.19
61.23
61.14
61.17
61.2
61.23
65.14
29.12
29.13
45.51
45.12
28.98
30.48
21.63
0
39.28
3.81
3.83
3.84
3.79
3.85
3.91
3.96
3.81
3.79
3.76
3.73
3.69
39.31
0
0
0
0
0
0
54.17
54.12
54.07
54.02
54.82
54.77
54.72
54.67
0
0
0
54.48
0
0
0
0
0
0
0
0
0
0
32.39
50.8
32.11
49.47
63.43
63.43
63.43
63.43
32.68
60.25
60.39
60.47
60.49
60.33
60.22
60.04
40.12
39.77
39.49
39.37
52.07
52.27
64.4
63.92
58.13
42.64
42.21
41.78
45.74
35.87
36.08
61.5
0
0
61.11
61.15
61.18
61.07
61.1
61.13
65.24
65.15
65.22
29.13
45.55
45.09
28.95
30.48
31.09
0
39.35
3.82
3.85
3.87
3.79
3.85
3.91
3.95
3.81
3.79
3.76
3.73
3.69
39.31
0
0
0
0
0
0
0
0
0
0
0
0
0
0
0
0
0
54.49
0
0
0
0
0
0
0
39.82
0
0
0
54.42
29.95
49.47
63.43
63.43
63.43
63.43
32.68
60.28
60.35
60.48
60.45
60.36
60.2
60.09
40.12
39.77
39.49
39.37
52.07
52.27
64.35
63.88
58.13
42.62
42.2
41.78
57.25
35.87
36.08
61.5
36.45
0
61.08
61.11
61.13
61.01
61.04
65.26
65.25
65.16
65.23
65.26
45.58
45.11
28.92
30.48
31.09
0
39.35
39.36
3.81
3.83
3.76
3.81
3.88
3.91
3.76
3.75
3.73
3.71
3.68
39.31
0
0
0
0
0
0
0
0
0
0
0
0
0
0
0
0
0
54.5
0
0
0
0
0
0
0
56.55
0
0
0
56.01
31.36
49.47
63.43
63.43
63.43
63.43
32.68
60.25
60.37
60.43
60.47
60.33
60.24
60.08
40.12
39.77
39.49
39.37
52.07
52.27
64.3
63.84
58.13
42.6
42.19
41.78
57.59
35.87
36.08
61.5
36.45
0
61.06
61.08
61.09
60.95
66.46
65.27
65.26
65.21
65.24
65.27
65.3
0
29.06
30.48
30.37
0
39.35
39.36
39.37
3.79
3.74
3.82
3.85
3.87
3.72
3.71
3.7
3.69
3.67
39.31
0
0
0
0
0
0
0
0
0
0
0
0
0
0
0
0
0
0
0
0
0
0
0
0
0
0
0
0
0
56.34
31.3
49.47
63.43
63.43
63.43
63.43
65.46
60.29
60.34
60.45
60.43
60.36
60.22
6.73
40.12
39.77
39.49
39.37
52.07
52.27
64.25
63.8
58.13
42.58
42.18
41.78
35.77
35.87
36.08
61.5
36.45
36.53
0
61.01
61.02
60.9
60.93
28.58
28.61
61.43
61.5
61.52
61.18
0
29.03
30.48
30.37
0
39.35
39.35
39.35
39.35
39.24
3.79
3.81
3.82
3.67
3.67
3.67
3.67
3.66
39.38
0
0
0
0
0
0
0
0
0
0
0
0
0
0
0
0
0
0
0
0
0
0
0
0
0
0
0
0
60.68
56.4
31.24
49.47
63.43
63.43
63.43
63.43
41
48.18
60.36
60.41
60.45
60.32
6.61
6.68
40.12
39.77
39.49
39.37
52.07
52.27
64.2
63.27
58.13
42.56
42.17
41.78
35.98
35.87
36.08
61.5
36.45
36.53
0
0
60.95
60.85
28.49
28.52
28.55
61.36
61.43
61.46
61.13
33.87
29.03
28.8
30.37
0
39.35
39.35
39.35
39.27
39.26
39.29
3.81
3.82
3.65
3.65
3.65
3.65
3.65
39.38
0
0
0
0
0
0
0
0
0
0
0
0
0
0
0
0
0
0
0
0
0
0
0
0
0
0
0
0
0
60.77
56.49
60.41
49.47
63.43
63.43
63.43
40.82
41
48.15
48.07
60.43
60.41
6.47
6.54
6.61
40.12
39.77
39.49
39.37
52.07
52.27
64.15
63.23
58.13
43.05
42.16
41.78
36.19
35.87
36.08
61.5
36.45
36.53
0
0
0
53.06
0
28.47
28.5
61.29
61.36
41.15
61.08
49.85
29.03
28.69
30.37
0
39.35
39.35
39.2
39.27
39.27
39.29
39.25
3.81
3.64
3.64
3.64
3.64
3.64
3.64
0
0
0
0
0
0
0
0
0
0
0
55.52
55.51
55.5
0
0
0
19.42
19.48
19.59
19.64
19.72
19.8
0
54.2
0
0
0
0
56.48
60.43
49.47
63.43
63.43
63.43
40.82
41
48.12
48.05
48.04
47.41
6.31
6.38
6.45
40.12
39.77
39.49
39.37
52.07
52.27
64.1
63.19
58.13
43.03
42.15
41.78
36.33
35.87
36.07
61.5
36.45
36.53
0
0
0
53.09
53.14
0
28.51
61.22
41.07
41.11
61.03
49.81
29.03
41.21
30.37
0
39.35
39.2
39.2
39.27
39.27
39.28
39.23
39.25
3.64
3.64
3.64
3.64
3.64
3.64
0
0
0
0
0
0
0
0
0
0
0
0
55.56
55.54
55.52
0
19.33
19.46
19.51
19.6
19.64
19.72
19.8
0
54.15
0
0
0
0
38.76
60.44
49.47
63.43
63.43
40.56
40.82
41
48.1
48.03
47.4
47.42
47.4
6.45
6.52
40.12
39.77
39.49
39.37
52.07
52.27
64.05
63.15
58.13
43.01
42.66
41.78
36.47
35.87
36.06
61.5
36.45
36.53
0
0
0
53.12
53.17
53.23
0
41.02
41.06
41.09
60.98
0
29.03
41.16
30.37
0
0
0
0
0
0
0
0
0
0
0
0
0
0
55.5
55.49
55.48
0
19.44
19.55
19.54
19.64
19.65
19.73
0
54.1
56.29
4.15
0
39.19
0
0
49.47
63.43
63.43
0
40.82
0
48.09
47.36
47.41
47.43
47.41
47.36
6.59
40.12
39.77
39.49
39.37
52.07
52.27
64
63.11
58.13
42.99
42.65
41.78
37.59
35.87
36.05
61.5
36.44
36.53
0
0
0
53.15
53.2
53.26
18.28
41.03
41.06
41.08
60.93
0
29.03
41.12
30.36
0
0
0
0
0
0
0
0
0
0
0
0
0
0
0
0
0
0
0
0
0
0
0
0
0
0
0
0
0
0
0
55.52
55.5
55.48
19.42
19.52
19.48
19.57
19.58
19.66
0
54.05
0
53.71
40.59
0
0
0
49.47
63.43
63.43
0
0
0
47.5
47.43
47.42
47.44
47.42
47.43
47.5
40.12
39.77
39.49
39.37
52.07
52.27
63.95
63.07
58.13
42.97
42.64
41.78
37.66
35.87
36.04
61.5
36.42
36.53
0
0
0
19.1
19.07
18.44
18.32
18.42
41.07
41.09
60.88
0
29.03
41.09
30.35
0
0
0
0
0
0
0
0
0
0
0
0
0
0
0
0
0
0
0
0
0
0
0
0
0
0
0
0
0
0
0
0
55.52
19.24
19.41
19.5
19.42
19.5
19.51
40.25
0
54
20.22
53.39
40.59
0
0
0
49.47
63.43
0
0
0
0
48.09
48.02
48.02
47.88
48.02
48.16
48.16
40.12
39.77
39.49
39.37
52.07
52.27
64.38
63.03
58.13
42.95
42.63
41.78
37.73
35.87
36.03
61.5
36.4
36.5
0
0
0
19.1
18.51
18.49
18.37
18.49
18.56
41.08
60.83
0
29.03
41.09
0
0
0
0
0
0
0
0
0
0
0
0
0
0
0
0
0
0
0
0
0
0
0
0
0
0
0
0
0
0
0
0
0
18.99
40.28
19.42
19.44
19.36
19.44
40.25
40.25
0
53.95
20.22
53.07
53.39
0
59.94
0
49.47
63.43
0
0
0
45
48.09
48.02
48.02
47.88
48.02
48.16
48.16
40.12
39.77
39.49
39.37
52.07
52.27
64.33
62.99
58.13
42.93
42.62
41.78
36.29
35.87
36.03
61.5
36.38
36.48
0
0
0
18.58
18.57
18.55
18.42
18.56
18.63
18.68
60.78
0
29.03
0
0
0
0
0
0
0
0
0
0
0
0
0
0
0
0
0
0
0
0
0
0
0
0
0
0
0
0
0
0
0
0
0
0
70.67
40.3
40.42
19.38
19.3
40.25
40.25
40.25
0
53.9
20.22
40.25
40.25
0
59.94
0
49.47
0
0
0
45
44.85
48.09
48.02
48.02
47.88
48.02
48.16
48.16
40.12
39.77
39.49
39.37
52.07
52.27
64.28
63.44
58.13
42.91
42.61
41.78
37.87
35.87
36.02
61.5
36.36
36.45
0
0
0
19.1
19.07
19.04
18.94
19.01
19.15
19.1
60.73
0
29.03
0
0
0
0
0
0
0
0
0
0
0
0
0
0
0
0
0
0
0
0
0
0
0
0
0
0
0
0
0
0
0
0
0
0
70.71
40.31
40.42
55.61
19.62
40.25
40.25
40.25
0
53.85
20.22
40.25
40.25
0
59.94
0
49.47
0
0
45
44.86
44.85
48.09
48.02
48.02
47.88
48.02
48.16
48.16
40.12
39.77
39.49
39.37
52.07
52.27
64.23
63.4
58.13
42.89
42.6
41.78
37.94
35.87
36.01
61.5
36.34
36.43
0
0
0
19.1
19.07
19.04
18.94
19.01
19.15
19.1
60.68
0
0
0
0
0
0
0
0
0
0
0
0
0
0
0
0
0
0
0
0
0
0
0
0
0
0
0
0
0
0
0
0
0
0
0
0
70.78
40.39
40.42
19.62
19.62
19.64
40.27
40.27
0
53.8
20.22
17.64
18.9
0
59.94
0
49.47
0
45
0
44.86
0
48.09
48.02
48.02
47.88
48.02
48.16
48.16
40.12
39.77
39.49
39.37
52.07
52.27
64.18
63.36
58.13
42.87
42.59
41.78
38.01
35.87
36
61.5
36.32
36.4
0
0
0
19.1
19.07
19.04
18.94
19.01
19.15
19.1
60.63
0
0
0
0
0
0
0
0
0
0
0
0
0
0
0
0
0
0
0
0
0
0
0
0
0
0
0
0
0
0
0
0
0
0
0
0
70.85
40.47
0
19.62
19.62
19.64
19.68
40.31
0
53.75
53.7
16.73
17.8
39.14
59.94
3.66
49.47
21.15
0
0
0
0
14
14
48.02
14.07
48.02
48.16
48.16
40.12
39.77
39.49
39.37
52.07
52.27
64.13
63.32
58.13
42.85
42.58
41.78
38.78
35.87
35.99
45.62
36.29
36.37
36.42
0
0
19.1
19.07
19.04
19.01
19.08
19.15
19.1
60.58
0
24.89
0
0
0
0
0
0
0
0
0
0
0
0
0
0
0
0
0
0
0
0
0
0
0
0
0
0
0
0
0
0
0
0
0
0
39.92
0
0
19.48
19.62
19.5
19.68
58.71
47.92
53.7
53.66
53.6
13.96
39.32
59.94
3.73
43.55
0
0
0
0
0
0
48.98
14.07
3.92
14.07
48.16
14.07
40.12
39.82
39.53
39.37
52.07
52.27
62.89
63.28
58.13
42.83
42.57
41.78
60.48
35.87
35.98
36.11
36.26
36.33
36.38
36.41
0
19.17
19.14
19.11
54.82
54.83
19.22
19.16
60.53
58.6
24.89
0
0
0
0
0
0
0
0
0
0
0
0
0
0
0
0
0
0
0
0
0
0
0
0
0
0
0
0
0
0
0
0
0
0
14.56
0
17.34
17.4
0
46.52
41.11
53.59
53.62
53.65
53.62
53.57
0
0
59.94
3.79
0
0
0
0
0
0
0
56.32
51.08
6.16
51.15
14.07
4.2
40.18
23.36
54.54
39.37
52.07
52.27
64.4
63.24
50.85
42.81
42.56
41.78
58.64
35.87
35.97
36.09
36.23
36.29
36.34
36.37
36.38
36.32
36.25
54.78
60.52
60.49
54.79
54.77
60.48
58.56
0
0
0
0
0
0
0
0
0
0
0
0
0
0
17.1
0
0
0
0
0
0
0
0
0
0
0
0
0
0
0
0
0
0
0
0
0
0
18.61
18.67
17.96
46.48
41.09
53.56
53.58
53.6
53.58
53.54
53.49
0
59.94
0
0
0
0
0
0
0
0
0
54.4
6.23
54.47
0
6.02
0
39.92
68.86
39.37
52.07
52.27
64.19
63.2
43.39
42.79
42.55
41.78
59.24
35.87
35.96
36.07
36.21
36.26
36.3
36.33
36.34
36.29
36.23
60.48
60.45
60.42
60.49
60.48
60.43
59.44
0
0
0
0
0
0
0
0
0
0
0
45.63
0
0
65.54
65.5
40.07
0
0
0
0
0
0
0
31.4
0
0
0
0
0
0
0
0
0
0
18.36
18.28
18.55
18.61
18.88
46.44
41.07
53.53
53.54
53.55
53.54
53.51
53.47
55.23
59.94
0
0
0
0
0
0
0
0
55.81
0
31.15
0
0
6.16
0
39.92
63.21
39.37
52.07
52.27
63.97
63.66
43.31
42.77
42.54
41.78
59.84
35.87
35.95
36.05
36.19
36.23
36.26
36.29
36.3
36.26
36.21
60.42
60.39
60.35
60.42
60.42
60.38
32.91
0
0
0
0
0
0
0
0
0
64.02
0
68.52
0
49.39
65.82
65.78
40.12
67.63
28.17
28.17
28.17
54.39
31.15
0
31.38
0
0
0
0
0
0
0
0
0
17.96
18.37
18.29
18.49
18.55
18.82
46.41
41.06
53.51
53.51
53.5
53.5
53.48
60.3
0
59.94
0
0
0
0
0
0
0
0
39.57
0
56.71
0
20.46
0
20.6
63.21
58.01
39.37
52.07
52.27
63.44
63.13
43.28
42.75
42.53
41.78
60.44
35.87
35.94
36.03
36.18
36.21
36.23
36.25
36.26
36.23
36.19
60.36
60.33
60.28
60.35
60.36
60.33
32.91
0
0
0
0
13.09
0
0
0
0
64.9
0
0
0
49.39
65.82
65.82
67.81
55.48
45.49
28.15
28.15
31.09
31.15
31.32
31.36
31.35
24.33
0
0
0
0
37.9
17.96
17.71
17.97
18.31
18.23
18.43
18.49
18.76
46.38
47.57
41.02
53.46
53.45
53.45
55.2
32.34
52.57
59.94
0
0
0
0
0
0
0
0
39.5
56.61
56.71
0
20.46
19.41
20.6
63.21
60.48
39.37
52.07
52.27
72.37
63.09
43.25
42.73
42.52
41.78
61.04
35.87
35.93
36.01
36.17
36.19
36.2
36.21
36.22
36.2
36.17
60.31
60.28
60.21
60.28
60.3
60.28
32.91
0
0
0
0
13.13
0
0
0
64.05
64.9
68.05
0
65.86
64.08
67.87
67.84
67.81
67.77
45.61
67.01
31.03
31.09
31.15
31.32
31.29
31.36
31.65
31.62
30.06
57.72
0
57.87
59.03
17.73
17.91
18.25
18.17
18.37
18.43
18.7
46.36
47.97
53.41
40.93
53.4
67.54
32.29
52.21
52.5
59.94
0
0
0
0
0
0
0
0
71.35
56.61
76.61
34.6
20.39
19.41
0
59.37
52.64
39.37
52.07
52.27
72.37
63.05
38.73
38.33
38.25
41.78
61.64
35.87
35.92
35.99
36.17
36.18
36.18
36.17
36.18
36.17
25.41
60.26
60.23
60.14
60.21
60.24
60.23
32.86
0
0
0
0
13.05
58.26
0
68.05
49.72
68.05
0
65.88
67.95
68.05
67.88
67.88
67.81
67.77
67.73
45.6
30.94
31
31.06
31.23
31.3
31.37
67.65
30.03
0
57.91
57.62
0
43.2
17.68
17.85
18.19
18.11
18.31
18.37
18.64
18.63
46.31
47.97
53.32
54.16
32.23
52.07
52.11
52.5
59.94
0
0
0
0
0
0
0
0
71.35
31.29
52.87
34.6
20.39
19.34
20.53
59.72
56.94
58.11
57.54
60.99
71.03
71.27
38.71
38.32
38.25
41.78
62.17
35.87
35.91
35.97
36.02
36.14
36.14
36.13
36.14
25.38
25.37
60.22
60.19
60.07
60.14
60.18
19.68
32.82
0
0
58.29
48.91
12.91
58.26
0
58.27
58.27
0
49.58
68.05
67.95
58.64
67.88
67.88
67.81
67.77
55.43
45.6
55.43
31.06
31.1
31.18
31.24
31.3
58.62
58.58
58.6
58.6
32.31
53.3
75.75
17.63
17.79
18.13
18.05
18.25
18.31
18.58
18.57
18.7
47.78
54.16
54.16
54.16
52.14
52.14
52.5
59.94
0
0
0
0
0
0
0
0
31.4
56.61
0
53.86
20.56
18.99
56.1
58.83
58.78
59.43
59.76
60.24
71.01
71.38
38.69
38.31
38.25
41.78
61.88
35.87
35.9
35.95
36
36.05
36.1
36.09
25.34
25.34
25.33
60.13
60.11
60
60.07
19.59
19.63
32.77
49.68
0
58.27
30.32
13.04
58.26
57.92
57.99
57.99
0
49.8
49.58
67.95
0
67.95
67.88
67.81
39.93
55.43
45.42
55.43
0
31.14
31.22
31.28
31.34
58.55
58.52
58.55
31.78
31.84
53.34
72.31
17.58
17.73
18.07
17.99
18.19
18.25
18.52
18.51
18.64
0
56.16
54.16
54.16
54.16
52.21
52.5
59.94
0
0
0
0
0
0
0
0
0
0
0
30.46
54.22
57.84
56.37
56.59
59.25
59.34
59.91
59.81
70.99
71.43
38.67
38.3
38.25
41.78
61.66
35.87
35.89
35.93
35.98
36.03
36.06
0
25.27
25.29
25.3
35.9
60.03
59.93
19.48
19.54
19.58
32.71
50.62
58.53
58.46
58.09
58.05
58.26
58.19
57.86
57.8
47.5
47.49
47.37
47.37
47.32
24.26
64.33
48.21
67.52
67.52
67.52
67.52
67.52
0
31.26
31.32
31.37
58.49
58.47
31.77
31.83
31.89
17.18
17.32
17.53
17.67
18.01
17.93
18.13
18.19
18.46
18.45
0
56.19
56.17
56.17
54.16
54.16
58.71
52.5
59.94
0
0
0
0
0
0
0
0
0
0
30.43
30.45
0
0
0
0
65.06
65.12
65.11
65.17
65.23
65.23
65.23
64.92
64.92
64.92
67.03
35.87
35.88
35.91
35.96
36.01
0
52.99
53.06
25.3
25.3
35.89
28.35
19.03
19.42
19.46
19.49
32.65
63.32
58.49
58.43
58.32
58.29
58.24
58.18
58.12
58.07
63.34
29.72
29.58
29.58
29.52
24.22
64.88
59.13
24.66
24.68
67.52
67.52
0
0
0
31.34
31.41
64.66
58.49
31.92
31.98
32.04
17.22
17.35
17.48
17.61
17.95
17.87
18.07
18.13
18.4
18.39
56.2
56.18
56.17
52.61
52.14
30.01
60.37
52.5
59.94
0
0
0
0
0
0
0
0
0
30.39
30.41
30.43
0
0
0
0
65.26
65.25
65.24
65.23
65.23
65.23
65.23
64.92
64.92
64.92
67.03
35.87
35.88
35.9
35.94
0
0
0
0
0
25.3
35.87
19.24
19.1
19.24
19.49
19.52
32.65
63.39
58.01
58.4
58.14
58.26
58.22
58.17
58.12
58.07
49.35
29.72
29.58
29.58
29.52
24.22
64.88
59.13
59.13
58.62
58.62
58.62
58.62
29.13
29.13
57.04
56.97
58.51
58.5
58.51
32.02
32.08
54.55
54.75
54.95
55.15
55.35
59.07
59.4
59.73
59.82
51.66
56.18
56.17
56.17
52.65
52.69
52.23
60.37
52.5
0
0
0
0
0
0
0
0
0
0
30.37
30.39
30.41
0
0
0
0
65.26
65.25
65.24
68.04
65.23
65.23
65.23
64.92
64.92
64.92
67.03
35.87
35.88
35.9
0
0
0
0
0
0
53.14
19.34
19.28
19.17
19.28
19.32
19.54
32.59
64.75
57.97
58.37
58.12
0
58.18
58.14
58.1
58.06
60.87
31.29
29.72
29.58
29.52
24.22
64.88
59.13
59.13
58.35
58.62
58.74
29.13
29.13
29.13
57.18
58.49
58.51
58.51
58.51
58.51
32.1
54.35
54.55
54.75
54.95
55.15
55.35
59.07
59.4
59.73
59.82
60.26
60.6
60.6
61.98
66.4
66.88
60.37
52.5
0
0
0
0
0
0
0
0
0
0
0
30.41
30.43
0
0
0
0
65.26
65.25
65.24
68.56
68.04
65.23
29.4
64.92
64.92
64.92
67.03
35.87
35.88
35.9
35.92
35.93
35.93
35.93
35.93
35.9
19.41
19.35
19.3
19.23
19.3
19.33
19.35
66.18
65.08
0
57.9
58.1
0
0
58.11
58.08
58.05
63.22
34.25
31.29
29.72
29.52
24.22
64.88
59.13
59.13
58.35
58.24
27.43
29.13
29.13
29.13
58.49
58.51
58.51
58.51
58.51
58.51
58.51
56.68
54.35
54.55
54.75
54.95
55.15
55.35
59.07
59.4
59.73
59.82
60.26
60.6
60.6
61.98
66.4
60.37
52.5
0
0
0
0
0
0
0
34.54
0
0
0
0
30.45
0
0
0
0
0
65.25
65.24
43.37
68.56
29.4
29.4
64.92
64.92
64.92
67.03
35.87
35.88
35.9
35.91
35.91
35.91
35.91
35.91
19.46
19.43
19.44
25.84
0
0
0
66.46
66.41
64.96
0
0
58.08
58.06
0
0
58.06
58.04
63.29
34.4
57.44
63.34
29.72
24.22
64.88
59.13
59.13
58.35
27.8
27.62
27.8
29.13
29.13
57.73
57.59
57.18
57.04
56.97
56.2
56.83
56.76
56.68
54.35
54.55
54.75
54.95
55.15
55.35
59.07
59.4
59.73
59.82
60.26
60.6
62.04
66.47
60.37
52.5
0
0
0
0
0
0
61.66
61.66
0
0
0
0
0
0
0
0
0
0
0
65.24
43.37
29.4
29.4
29.4
64.92
64.92
64.92
67.03
35.87
35.88
35.89
35.89
35.89
35.89
35.89
19.49
19.46
19.44
19.44
19.44
0
0
0
66.46
66.47
65.02
0
0
0
58.05
0
0
0
58.03
63.22
57.37
57.44
63.34
29.72
29.58
24.22
64.88
59.13
27.98
27.98
27.8
27.8
27.82
29.13
57.73
57.59
57.18
57.04
56.97
56.2
56.83
56.76
56.68
54.35
54.55
54.75
54.95
55.15
55.35
59.07
59.4
59.73
59.82
60.26
60.6
62.16
66.54
54.16
52.5
0
0
0
0
0
0
0
0
0
0
0
0
0
0
0
0
0
0
0
0
65.23
29.4
29.4
29.4
64.92
64.92
64.92
66.94
35.87
35.87
35.87
35.87
35.87
35.87
19.49
19.47
19.45
19.44
19.44
19.44
19.44
0
0
66.46
66.59
65.02
0
0
0
0
0
0
0
0
58.02
57.37
57.44
63.34
29.72
29.58
29.58
24.22
27.98
27.98
27.8
27.8
27.8
27.81
27.83
57.73
57.59
57.18
57.04
56.97
56.2
56.83
56.76
56.68
54.35
54.55
54.75
54.95
55.15
55.35
59.07
59.4
59.73
59.82
60.26
60.6
62.22
66.61
41.99
19.56
19.56
0
52.68
52.68
52.68
52.68
52.68
52.68
52.68
52.68
52.68
52.68
52.68
52.68
52.68
52.68
52.68
52.68
52.68
65.24
65.23
65.23
29.4
29.4
64.92
64.92
64.92
66.94
