100
97.6
94.52
33.24
33.24
33.24
33.24
33.24
33.24
99.08
33.24
33.24
33.24
99.64
33.52
85.96
100
99.76
33.24
33.24
33.24
63.2
60.96
71.84
70.68
75.8
76.08
100
100
100
100
100
95.36
95.36
100
25.32
48.44
23.68
2.52
100
100
100
99.6
0
95.04
98.32
98.32
99.68
29.96
31.36
31.36
58.64
53.96
37.52
33.44
33.6
33.24
48.72
33.48
100
100
14.12
100
47.32
49.08
63.2
60.96
60.68
70.68
99.12
99.12
99.12
100
100
100
100
95.36
95.36
100
25.2
48.44
48.4
2.52
99.12
99.12
99.12
99.6
0
97.28
98.32
98.32
32.56
30.68
2.6
34.16
35.64
53.96
66.6
33.72
33.88
33.52
30.16
33.76
100
100
100
100
51.08
15.48
63.16
60.92
73.08
70.68
73.08
100
100
100
100
99.32
100
99.32
100
100
25.12
18.04
2.6
2.52
2.6
100
100
99.6
0
97.28
98.32
98.32
32.84
32.56
32.2
31.32
33.04
53.96
30.16
96.72
96.68
60.44
0
60.44
100
100
100
100
19.4
15.48
63.08
72.44
73.08
70.68
73.08
72.44
100
100
100
99.12
100
99.12
100
100
25.08
2.76
2.6
2.52
2.6
2.76
100
99.6
0
97.28
98.32
98.32
32.84
32.84
100
91.08
33.04
97.52
0
61.68
61.6
100
100
100
100
100
100
53.44
100
15.48
88.68
72.44
73.08
70.68
73.08
72.44
88.68
100
100
99.12
92.52
99.12
100
100
3.08
2.84
2.68
2.52
2.68
2.84
3.08
99.6
0
97.4
98.32
98.32
97.4
97.4
97.4
97.36
97.4
97.52
0
99.96
99.96
92.72
100
100
100
100
53.2
53.44
100
15.4
62.88
60.64
60.36
60.08
59.8
60.4
60.68
100
100
87.88
72.2
87.96
88.12
100
25.08
14.08
16.48
49.16
95.28
31.16
48.8
100
0
97.4
98.32
98.32
97.4
97.4
97.4
97.36
97.4
96.4
98.48
58.12
64.52
92.72
98.56
100
100
52.96
53.2
53.44
99.72
100
62.84
60.6
60.32
60.04
59.76
60.36
60.64
100
100
56.76
24.84
29.76
30.04
100
25.08
0
0
70.12
95.28
35.36
4.52
48.4
0
91.28
98.32
98.32
97.4
96.84
34
74.52
96.4
0
100
82.56
50.04
98.56
98.56
92.48
88.56
96.4
96.4
96.4
98.96
100
62.84
60.6
60.32
60.04
59.76
60.4
60.68
100
100
16.92
0
0
92.32
100
25.08
0
0
40.36
95.28
95.08
88.08
100
0
99.72
98.32
98.32
96.84
97.4
34
99.24
75.52
98.84
0
100
91.6
98.8
98.8
88.64
88.56
88.56
87.16
86.88
98.96
100
62.56
60.36
60.08
59.8
59.48
60.16
60.44
100
100
77.8
77.8
0
99.72
100
15.28
0
0
65.84
95.28
70
24.16
16.08
0
99.72
98.32
98.32
100
99.84
34
99.24
100
0
0
99.88
99.88
99.88
100
88.64
88.56
88.56
88.56
94.84
100
100
62.28
60.12
59.84
59.56
59.2
59.96
60.24
100
100
80.04
80.36
0
0
100
100
74.12
0
30.92
64.8
65.04
0
23.56
0
93.68
98.32
98.32
100
98.96
33.72
99.24
100
100
100
98.96
99.88
100
100
88.64
88.56
88.56
88.56
98.72
100
100
62
59.92
59.64
59.36
58.92
59.76
60.04
100
100
98.36
98.36
94.28
0
100
100
79.04
45.12
71.36
0
0
0
0
0
95.68
98.32
98.32
100
99.44
99.28
98.64
100
100
100
97.76
99.88
100
100
100
100
100
98.72
99.36
100
100
58.92
59.72
59.44
59.16
58.64
59.6
59.88
100
100
100
99.96
82.48
58.2
99.68
100
90.6
13.28
0
0
0
0
48.84
0
95.2
98.32
98.32
97.4
98.4
99.28
98.64
100
100
100
97.6
99.88
100
100
100
100
100
100
99.6
100
100
58.64
59.56
59.28
59
58.36
58.64
58.92
99.2
100
100
91.96
99.52
100
100
100
90.48
100
96.8
63.8
0
0
48.88
0
91.28
98.32
98.32
98.32
98.04
3.84
99.48
99.48
99.48
99.48
99.48
100
100
99.92
100
100
100
100
72.84
100
100
58.36
14.36
59
58.72
58.08
58.36
97.76
97.76
100
91.32
99.36
99.52
96.36
100
100
96.8
97.8
100
0
92.36
0
48.92
0
99.8
98.32
99.88
98.32
3.44
3.52
99.48
99.48
99.48
99.48
99.48
100
58.48
100
100
100
100
72.12
72.48
100
100
58.08
14.24
99.8
58.44
57.8
99.76
99.76
99.2
99.48
100
100
100
95.76
95.64
100
96.8
96.8
99.6
0
100
0
48.52
0
63.88
98.32
99.88
3.12
3.12
3.24
100
100
100
100
100
99.4
58.2
57.92
100
100
71.92
71.88
77.32
99.64
100
57.8
14.12
99.8
100
99.2
100
100
99.48
99.48
99.48
100
100
100
99.68
99.68
100
96.8
99.44
0
0
0
0
0
67.48
99.16
99.96
2.8
2.84
2.92
98.92
47.28
6.6
6.92
100
100
100
100
60.96
88.56
71.6
71.6
71.6
73.08
59.44
78.68
14.04
99.8
98.44
99.2
98.44
77.68
99.48
99.48
99.48
99.48
100
100
100
100
100
96.8
96.8
0
35
0
0
0
64.64
95.68
99.96
93.32
2.92
3.04
99.32
96.64
6.44
6.72
100
100
100
100
88.64
88.56
88.56
71.68
71.68
58.44
78.04
72.4
14
98.44
98.44
99.2
78.08
77.92
99.48
99.48
99.48
99.16
99.16
100
100
99.68
99.68
99.68
98.08
0
35
35
0
0
91.32
95.68
99.96
95.68
91.16
3.2
99.32
98.76
6.44
6.72
100
100
100
95.88
88.64
88.56
88.56
88.56
77.48
77.16
72.32
72.36
98.52
98.44
98.44
99.2
98.44
81.8
99.48
56.24
95.52
99.16
99.16
100
99.44
100
99.68
99.68
0
99.04
50.48
50.48
50.48
0
94.64
95.68
99.96
95.68
94.64
79.76
97.64
70
6.44
6.72
100
100
91.76
95.04
88.64
88.56
88.56
88.56
69.8
72.2
72.24
72.28
14
99.8
100
56.52
56.24
55.96
55.68
100
95.68
100
99.16
100
95.84
96.24
15.12
100
50.16
0
31.36
35
0
0
72.56
93.16
70.04
99.4
99.4
99.4
70
70
6.44
6.72
100
100
100
100
60.16
99.6
99.6
72.12
69.8
69.96
11.52
72.32
20.72
99.8
100
56.24
55.96
55.68
55.4
55.68
55.96
56.24
97.2
100
96.68
82.68
19.44
99.68
99.68
0
6.36
0
0
0
73.4
93.16
93.16
71.44
69.28
70
70
70
6.44
6.72
100
100
100
100
100
59.76
96.12
72.84
69.8
69.8
69.96
11.8
20.72
99.8
100
55.96
55.68
55.4
55.12
55.4
55.68
55.96
97.2
100
96.68
82.68
19.44
78.2
0
0
0
0
0
0
72.56
93.16
93.16
69.28
91.24
70
70
70
6.44
6.72
100
100
100
100
100
97.52
72.84
72.88
69.8
69.8
100
98.52
20.72
99.8
11.84
55.72
55.44
55.16
54.84
55.12
55.4
55.68
97.2
100
96.68
82.68
19.44
12.24
0
0
0
0
0
0
70.88
93.16
69.28
74.88
91.24
74.64
70
70
6.44
6.72
89.44
100
100
100
100
65.16
65.08
72.48
10.6
10.68
10.76
99.24
20.72
11
11.08
55.48
55.2
54.92
54.56
54.84
55.12
55.4
97.2
100
96.68
82.68
19.44
11.96
0
11.52
0
0
0
0
69.28
47.52
100
75.04
91.24
74.8
98.24
70
6.44
6.72
89.32
91.2
100
100
75.52
75.48
72.48
72.48
69.8
10.68
10.76
99.24
10.84
10.88
10.92
55.28
55
54.72
54.28
54.56
54.84
55.12
97.2
100
96.68
82.68
19.44
11.96
12.36
12.04
0
0
0
0
46.4
16.12
13.68
74.4
76.04
74.16
99.6
60.92
6.72
7
31.84
45
52.68
99.6
89.24
95.16
72.48
72.48
69.8
69.8
10.68
70
10.68
100
100
55.08
54.8
54.52
54
54.28
54.56
54.84
100
100
19.24
82.68
19.44
60.2
63.92
63.2
43.16
0
49.32
0
13.8
7.32
13.8
75.4
16.48
60.64
60.88
27.2
7
7.28
11.32
11.04
99.6
99.6
73.76
95.24
72.48
72.48
69.8
69.8
100
70
100
37.72
37.92
54.92
54.64
54.36
53.72
54
54.28
58.08
100
100
100
82.68
19.44
0
64.12
43.44
0
0
48.84
100
14
2.88
14
75.4
49.16
23.44
10.64
10.92
7.28
7.56
11.6
99.92
100
99.6
99.6
73.76
65.24
98.76
61.28
69.8
100
70
100
97.32
99
98.52
54.36
54.08
53.44
53.72
57.52
57.8
58.92
99.44
61.16
82.68
19.44
0
0
11.4
0
12.44
48.88
100
4.36
75.32
4.36
0
0
0
0
0
0
0
59.36
99.4
100
99.6
100
100
73.84
98.76
69.8
69.8
69.8
70
100
97.52
97.56
98.52
99
53.8
53.16
56.96
57.24
57.52
58.64
0
100
82.68
19.44
96.4
0
0
0
28.32
48.52
48.68
0
0
0
0
0
0
0
0
0
0
0
30.24
77.88
53.36
53.64
53.92
11.32
72.48
99
99
99
99.24
20.72
99.8
100
98.52
99
98.56
91.12
99
99
99
58.36
74.92
0
58.24
57.8
91.2
0
0
0
34.72
48.84
48.68
0
0
0
0
0
0
0
0
0
0
0
0
0
53.08
53.36
53.64
72.48
72.48
69.8
72.76
72.8
99.24
20.72
99.8
100
98.52
99
91.12
91.12
91.12
72.8
72.8
98.6
99.72
99.84
58.24
57.8
96.4
26.16
0
0
36.92
49.04
49.72
0
0
0
0
0
0
0
0
0
0
0
0
0
52.8
53.08
97.68
72.48
72.48
69.8
69.8
100
99.24
20.72
99.8
100
98.52
91.12
91.12
91.12
91.12
91.12
98.6
98.6
63.16
62.32
96.4
57.8
58.68
0
0
0
91.56
60.6
49.72
0
0
0
0
0
0
0
0
0
0
0
0
0
52.52
98.24
97.72
72.48
72.48
69.8
70.52
99.2
99.24
20.72
99.8
100
98.52
91.12
91.12
91.12
91.12
91.12
91.12
98.6
62.92
62.24
0
58.08
29.04
0
51
50.96
50.56
60.6
0
0
0
0
0
0
0
0
0
0
0
0
0
0
52.24
52.52
52.8
10.64
98.76
99.24
99.24
99.24
99.24
20.72
99.8
100
98.52
99
98.56
98.56
98.56
4.72
4.32
98.6
3.64
3.76
63.6
4.36
62.96
0
51.88
51.88
86.48
50.36
50.92
0
0
35.16
0
0
0
0
50.32
62.52
0
8.72
9.16
51.44
51.96
52.24
52.52
62.68
98.76
99.24
99.24
99.24
99.24
20.72
99.8
100
98.52
99
98.56
98.56
98.56
4.44
4.04
3.68
3.36
3.48
3.72
62.6
62.72
0
0
0
0
50.4
51.4
39.28
38.2
39.84
26.48
33.36
0
0
50.04
95.8
0
28.68
8.8
51.12
51.68
51.96
62.24
62.16
100
99.24
99.24
99.24
60.6
20.72
99.8
100
59.68
99
98.56
98.56
98.56
4.36
4.04
3.68
3.36
3.48
62.28
62.36
62.72
0
63
0
62.72
50.44
0
44.04
42.64
39.76
35.32
96.24
57.64
0
0
0
0
51.4
61.8
50.8
51.4
62
61.96
61.92
98.76
99.24
99.24
60.56
60.52
96.4
100
59.96
59.68
59.4
59.12
59.4
4.08
3.76
3.68
3.36
62
62.04
62.08
62.72
62.4
9.12
0
0
50.48
0
39.28
42.6
33.56
96.28
99.52
37.64
0
16.92
17.28
63.16
51.2
50.92
51.04
100
61.72
61.72
61.72
98.76
99.24
60.52
60.48
60.48
15.64
77.12
100
85.12
59.68
59.4
59.12
59.4
62
62
62
3.36
62
62
62
62
0
63
0
0
0
0
39.28
38.64
100
99.52
99.52
38.56
0
45.2
0
62.8
51
50.68
100
100
100
61.48
62
64.36
70.52
70.84
60.44
60.48
84.92
19.68
60.4
80.72
91.04
59.4
59.12
59.84
62
62
3.44
3.36
3.44
62
62
61.96
61.92
61.92
61.92
61.92
0
0
44.04
44.88
100
100
100
0
0
0
36.44
82.96
82.64
100
100
100
100
100
61.24
73.12
70.84
70.84
0
0
89.88
97.28
100
91.36
91.04
91.04
91.04
91.04
62
3.6
3.44
3.36
3.44
3.6
62
61.96
61.88
61.88
61.88
61.88
0
0
44.88
44.88
98.88
100
100
97.6
32.52
0
33.32
50.56
100
100
100
100
100
100
48.84
73.72
69.8
69.88
70.84
0
50.68
50.68
10.92
50.44
50.52
50.56
50.68
62
3.84
3.6
3.44
3.36
3.44
3.6
3.84
61.96
61.88
61.88
61.88
61.88
61.88
0
44.88
43.76
98.88
98.88
100
31.96
36.52
32.68
37.24
37.52
50.2
50.12
92.08
92.2
92.32
48.92
73.72
73.72
69.88
69.96
69.96
99.24
50.48
50.32
50.32
50.24
50.28
50.36
50.36
62
4.88
4.48
4.2
50.24
4.48
4.76
50.24
31.28
61.88
61.88
61.88
61.88
50.52
34.76
41.24
42.64
24.76
99.04
98.2
36
36.32
36.64
36.96
37.24
37.52
100
91.64
91.76
91.88
50.04
98.76
62.48
69.96
69.96
69.96
50.24
50.24
50.24
50
50
0
0
50.04
62
5.16
4.76
50
50
4.48
4.76
50
49.96
61.88
61.88
61.88
61.88
50.32
91.04
30.4
36.16
19.76
35.32
35.56
35.84
36.12
36.4
36.68
36.96
100
100
100
91.96
92.16
49.96
49.96
49.96
49.96
49.96
49.96
49.96
49.96
49.96
49.96
23.96
0
0
0
49.72
49.72
49.72
49.72
49.72
49.72
49.72
49.72
49.72
49.72
49.72
49.72
49.72
49.72
49.72
